0.0199556	0.0177509	0.0192274	0.0125392	0.0185409	0.0191532	0.0137823	0.0147418	0.018478	0.0153727	0.0223865	0.0114996	0.0154696	0.0225906	0.0441368	0.0167837	0.0188394	0.0205691	0.0252293	0.0215507	0.0236848	0.0344766	0.0151112	0.0241928	0.0136537	0.0325772	0.0188983	0.0334186	0.0225766	0.0176232	0.0151508	0.0174464	0.0162228	0.0380896	0.0151844	0.0160192	0.0258975	0.0215068	0.015894	0.0191604	0.0195671	0.0206235	0.018142	0.0185127	0.0286756	0.0334301	0.0180219	0.0176448	
0.0239029	0.0272761	0.0204273	0.0146777	0.0169713	0.0301063	0.0137727	0.0265627	0.0205524	0.0219631	0.022986	0.0291963	0.0121388	0.0311588	0.0160085	0.0182797	0.033698	0.0216493	0.0212729	0.0270105	0.0135933	0.0273285	0.0192687	0.01356	0.014458	0.0224147	0.0217861	0.0170625	0.0142578	0.0123968	0.0133601	0.0297587	0.0207606	0.0231168	0.0394994	0.0168397	0.0131394	0.0200636	0.0203416	0.018269	0.0203254	0.0132583	0.0208853	0.018497	0.0238765	0.0206809	0.0271558	0.0144345	
0.0113119	0.0178599	0.017363	0.0117696	0.0225187	0.0183599	0.0150635	0.0163568	0.028708	0.023065	0.0180156	0.0190114	0.0280702	0.0376358	0.02419	0.0261855	0.0203929	0.0150985	0.0193239	0.0195664	0.0162395	0.0300303	0.020348	0.0190946	0.0293273	0.0188701	0.0191978	0.020717	0.0187245	0.0204305	0.0184818	0.0328094	0.0145884	0.0154047	0.0245787	0.0215187	0.0239068	0.024702	0.0280022	0.0192261	0.018802	0.0214486	0.0293655	0.0171506	0.0147989	0.0123419	0.0186861	0.0213414	
0.0717601	0.0703631	0.0667266	0.0685307	0.0855556	0.0723984	0.079112	0.072308	0.0898068	0.0756124	0.0756601	0.0754953	0.00201323	0.0013204	0.00103518	0.00106581	0.00324913	0.00610529	0.00210884	0.0075515	0.00262956	0.00362903	0.000919348	0.00781201	0.00617095	0.000545251	0.00104948	0.0010664	0.00250885	0.000710625	0.000770531	0.00387936	0.000861607	0.0013539	0.00491071	0.00200417	0.00282295	0.00404734	0.00390935	0.00341665	0.0016155	0.00127222	0.00207625	0.00172487	0.00398678	0.00270723	0.00277604	0.00104454	
0.0113222	0.00923184	0.0253083	0.0134153	0.0199713	0.0192743	0.0181085	0.0222129	0.0193101	0.0227779	0.0235407	0.0137361	0.0273596	0.0210385	0.015997	0.0228842	0.0195676	0.0184724	0.0197139	0.0266486	0.0199358	0.0510164	0.0366285	0.0269175	0.0143116	0.0139354	0.0220143	0.0148114	0.021729	0.0196593	0.0272143	0.0195877	0.0140711	0.0171187	0.0482544	0.0247843	0.0150333	0.0175907	0.00979951	0.0215147	0.0190799	0.0125701	0.0163867	0.0230863	0.0198313	0.0176696	0.0173009	0.0282561	
0.00218606	0.00420216	0.0037215	0.0032191	0.00440366	0.00345744	0.00414826	0.0029866	0.0038262	0.00494917	0.00191204	0.00440718	0.00204053	0.00130688	0.000618386	0.00520728	0.00158474	0.00110189	0.000716577	0.00548137	0.0018633	0.0013951	0.00358873	0.000812155	0.00522991	0.00192107	0.00218087	0.00745017	0.00332169	0.00255919	0.00225938	0.00340978	0.00203077	0.0031584	0.00120849	0.00205507	0.0684032	0.0559673	0.0820607	0.04421	0.0745812	0.0641517	0.0836961	0.073089	0.0883153	0.0865536	0.0842688	0.0887821	
0.0342322	0.0371046	0.0165788	0.0114937	0.0163146	0.0231326	0.0169173	0.0200454	0.0257301	0.0162033	0.0159062	0.018028	0.0117442	0.0263259	0.020613	0.014788	0.0227505	0.0192136	0.0161203	0.019721	0.0237506	0.0203406	0.0243028	0.0179163	0.0189642	0.0226273	0.0103606	0.0212718	0.0295939	0.0221812	0.0170797	0.0273316	0.0177324	0.0210184	0.0322573	0.0247713	0.0229554	0.0187199	0.0240393	0.0156069	0.0233285	0.0161705	0.0112329	0.0155253	0.0238888	0.0280524	0.0194427	0.0265744	
0.015314	0.0168744	0.0218727	0.0192917	0.0192004	0.0254525	0.0322618	0.0168543	0.0230821	0.0106537	0.0148476	0.0131357	0.0377118	0.0177342	0.020539	0.020472	0.0266036	0.0239153	0.0323747	0.0210986	0.0260382	0.0235941	0.0287297	0.0188401	0.010675	0.0133543	0.0181937	0.0277737	0.0176416	0.0142834	0.0296624	0.0267506	0.0278127	0.0197494	0.0242103	0.0244996	0.0147006	0.0186498	0.0180896	0.0110611	0.0178998	0.0161399	0.0103367	0.0314489	0.0200357	0.0302349	0.0149392	0.0153647	
0.0185173	0.0168032	0.0215135	0.0257686	0.0177552	0.0162956	0.0211001	0.0153125	0.0129828	0.0329232	0.0162482	0.0162492	0.024722	0.013666	0.0241897	0.0207909	0.0218437	0.0214889	0.0226707	0.02417	0.0159078	0.0213176	0.0186578	0.0173652	0.028221	0.0136833	0.0245253	0.019376	0.0184912	0.0190041	0.0231917	0.0268738	0.0229577	0.0184847	0.0196841	0.0148755	0.0283493	0.0329736	0.0122125	0.0151944	0.0162633	0.0272076	0.0170705	0.037793	0.0215297	0.0247558	0.0154554	0.0235667	
0.016386	0.0327856	0.0255744	0.0204035	0.033073	0.0151147	0.0276597	0.0145032	0.0115413	0.0149767	0.0250097	0.0195679	0.0131172	0.0203082	0.0218632	0.0258178	0.0357319	0.0153464	0.019709	0.0246163	0.0178147	0.0268107	0.0187299	0.0168531	0.0144446	0.0215402	0.0240361	0.0242335	0.0274506	0.0274198	0.0175518	0.0230187	0.024417	0.0263344	0.0259931	0.0216622	0.0170534	0.0218793	0.0253223	0.017974	0.0182144	0.0159716	0.0138933	0.0191516	0.0143917	0.0155776	0.0135208	0.0156338	
0.0125473	0.0245637	0.0132379	0.0195608	0.0153717	0.0211542	0.0228736	0.0342082	0.0177308	0.0217706	0.018934	0.0171632	0.0202579	0.0171588	0.030272	0.0156528	0.0274688	0.0171659	0.0312339	0.0145374	0.015031	0.0152647	0.0201076	0.0177758	0.0233722	0.0172222	0.0269534	0.0395691	0.0257341	0.031002	0.0249923	0.0138517	0.0218056	0.0369983	0.0170418	0.0262481	0.0182168	0.0169882	0.0170205	0.0162729	0.0196506	0.016688	0.0140675	0.0224878	0.0207401	0.0176097	0.0219263	0.0124985	
0.0223995	0.0171735	0.0157703	0.0136454	0.0205713	0.0200421	0.0191657	0.0165989	0.0152282	0.0160602	0.0181322	0.0205616	0.0138895	0.0160685	0.0202936	0.0197958	0.0199559	0.0239966	0.0188053	0.0224558	0.0246308	0.0217457	0.0429143	0.0260327	0.0191345	0.0195602	0.0205348	0.0148479	0.0201189	0.0152965	0.0368863	0.0172912	0.0175378	0.02028	0.0220043	0.0223959	0.0266511	0.022222	0.0347347	0.0223459	0.0141711	0.0314287	0.0150426	0.0193655	0.0171181	0.0272981	0.0204841	0.0173165	
0.00230257	0.00144183	0.000156233	0.000138235	0.000652962	0.000242759	0.00079558	0.00181926	0.000339458	0.00184515	0.000129675	0.00276055	0.0400113	0.0384913	0.0432713	0.0367208	0.0407547	0.0453218	0.0362639	0.0397601	0.0366028	0.0424108	0.0406157	0.0416405	0.0443836	0.0386756	0.0457929	0.0410875	0.0399396	0.0396701	0.0460481	0.0355262	0.0391757	0.0446214	0.0388251	0.0388952	0.000869623	0.000668498	0.00100918	0.00170701	0.000172549	0.000830025	0.00221806	0.000766962	0.00221261	0.000425709	0.0017753	0.000214174	
0.0207281	0.0191914	0.0233006	0.0125525	0.0248172	0.0162902	0.0316117	0.0279137	0.0289451	0.0299755	0.0181226	0.0280396	0.0243115	0.0173336	0.0110115	0.0143625	0.0167691	0.0202391	0.0204763	0.0157474	0.022317	0.02424	0.0185197	0.0193543	0.015622	0.0149407	0.018524	0.0237568	0.021383	0.0184379	0.0271215	0.0403309	0.0284204	0.0244688	0.0312098	0.0118557	0.0169902	0.0210544	0.0155403	0.0113824	0.0279148	0.0121967	0.0125721	0.0229897	0.0216877	0.0201978	0.024832	0.0104003	
0.0146123	0.0337273	0.0177558	0.0211926	0.0143646	0.0174848	0.0145301	0.0129684	0.0300635	0.00765913	0.0273639	0.00820438	0.0241788	0.0163448	0.0227967	0.0125781	0.0420303	0.0147816	0.0225599	0.0146449	0.0179262	0.0168979	0.047628	0.0157164	0.0157759	0.0269502	0.0338329	0.028175	0.0252608	0.0407172	0.0298469	0.0136628	0.0346766	0.0306349	0.01684	0.0104532	0.016572	0.0108739	0.0098753	0.0190733	0.0133989	0.0198879	0.018058	0.0193863	0.0246744	0.0193137	0.0158751	0.0181744	
0.0250742	0.00917322	0.0161305	0.013448	0.0256107	0.0154278	0.0192475	0.0119506	0.0145666	0.0227913	0.0166496	0.0153687	0.0191215	0.0309173	0.0191776	0.0215219	0.0206724	0.0265066	0.0164833	0.0253252	0.0343397	0.0195298	0.00695303	0.0158939	0.0264745	0.00712866	0.00830068	0.0231461	0.0299777	0.0165405	0.0200547	0.0353762	0.0130728	0.00870424	0.0195964	0.0114826	0.0148755	0.0208261	0.0265652	0.0294248	0.0192359	0.0195474	0.0267133	0.0231312	0.050183	0.0246114	0.031509	0.031641	
0.00375327	0.0106912	0.00468845	0.00566221	0.00862069	0.00290673	0.00856748	0.00537807	0.00386577	0.0057618	0.00421075	0.00374937	0.0369264	0.0534966	0.0342347	0.0358076	0.0249092	0.0153545	0.0359628	0.0407776	0.0376912	0.0335023	0.0544401	0.0270574	0.0257532	0.0288514	0.0394309	0.0286477	0.035992	0.0274106	0.0354887	0.0364953	0.0477738	0.0531251	0.034156	0.0326777	0.00444476	0.00495802	0.00222423	0.00330439	0.00357409	0.00246873	0.0062251	0.0112614	0.00949805	0.0045445	0.014509	0.00916907	
0.0181356	0.0260526	0.0105961	0.018026	0.022752	0.0310774	0.0134732	0.0259847	0.0215916	0.0181277	0.0136541	0.0147083	0.0197124	0.0421071	0.0202883	0.0198357	0.018616	0.0200953	0.0152702	0.0164787	0.0270689	0.0187691	0.0233091	0.0189295	0.01784	0.0187966	0.0284503	0.0210016	0.0221578	0.0201646	0.0152582	0.0216335	0.0222186	0.0318513	0.0213125	0.014992	0.0189157	0.0183314	0.0207688	0.0231769	0.0139835	0.0222269	0.0111928	0.0187221	0.0294177	0.0301492	0.0126702	0.0301079	
0.0154026	0.0157837	0.012237	0.00301219	0.0094677	0.00946585	0.0125783	0.00853896	0.00775575	0.00881872	0.00974034	0.0105118	0.00732111	0.00831455	0.00575287	0.0150038	0.0053324	0.0126785	0.00783503	0.00812367	0.0168838	0.00483689	0.01956	0.017382	0.00781585	0.0118844	0.00856116	0.00987306	0.0114423	0.013048	0.00728076	0.00881364	0.0140706	0.0106427	0.0303594	0.00552968	0.0609858	0.0818274	0.07871	0.106551	0.0595336	0.0494085	0.0138973	0.0365868	0.0100349	0.0634323	0.0204094	0.0269643	
0.0086031	0.0232329	0.0115711	0.0210885	0.018505	0.0177402	0.0154776	0.0140581	0.00840951	0.0122095	0.0187107	0.0181207	0.0311116	0.0137162	0.0243912	0.0370831	0.0154218	0.019934	0.0248027	0.0187827	0.0411349	0.0265125	0.0261931	0.0247327	0.0283285	0.0227446	0.0164338	0.0290318	0.0209025	0.0136638	0.0206071	0.0315199	0.0302579	0.0258595	0.0171689	0.0199236	0.0192353	0.0177468	0.0352625	0.0224443	0.022279	0.016316	0.0159513	0.0123303	0.0190001	0.02313	0.0209501	0.00736898	
