0.0216186	0.0192302	0.0169706	0.0116011	0.0198376	0.020004	0.014638	0.0135604	0.0200178	0.0166538	0.024252	0.010048	0.0167587	0.0220632	0.0461492	0.0155433	0.0195341	0.0219041	0.0258605	0.0155828	0.0216672	0.0373497	0.0139606	0.0243503	0.0130537	0.032882	0.0180632	0.0337936	0.0235742	0.0166819	0.0155428	0.0188472	0.0152836	0.0381746	0.0140399	0.0160833	0.0256457	0.021254	0.0172185	0.0162581	0.0211977	0.0199323	0.0160801	0.0186131	0.0286554	0.0337403	0.0195237	0.0167053	
0.023549	0.0295491	0.0197838	0.0159009	0.0183856	0.0326151	0.0120067	0.0281465	0.0211769	0.0198753	0.021063	0.0292835	0.0131503	0.0322524	0.0138517	0.0139377	0.0365062	0.0229105	0.0212275	0.0292614	0.0147261	0.0296058	0.0170965	0.0117484	0.0131256	0.0219368	0.0212559	0.0156531	0.0151378	0.0134298	0.0129332	0.0289192	0.0223623	0.0226974	0.0420946	0.0161962	0.0115867	0.0193898	0.0220367	0.0197914	0.0184062	0.0127887	0.0184392	0.0176926	0.0258663	0.0192741	0.0275075	0.0138689	
0.00965373	0.0193482	0.0174443	0.0118585	0.0217944	0.0159119	0.0152585	0.0172269	0.026609	0.0223863	0.0169161	0.0179949	0.0278086	0.0373523	0.0262058	0.0283676	0.0198427	0.0143028	0.0170061	0.0208574	0.0175928	0.029987	0.0194428	0.0192593	0.0291705	0.0182889	0.0182605	0.020825	0.0171078	0.0212342	0.0165154	0.0355435	0.0122946	0.0166884	0.0266269	0.0233119	0.0227838	0.0242239	0.0279104	0.0208283	0.0203688	0.0229359	0.0292118	0.0179661	0.0133427	0.0107696	0.0202433	0.0231199	
0.0710093	0.0698224	0.066579	0.0676077	0.0854218	0.0724276	0.0787721	0.0721992	0.0910332	0.0760974	0.0758003	0.0739711	0.00193096	0.00143043	0.000910489	0.000995644	0.00336915	0.00632889	0.00210666	0.00800027	0.00280397	0.00364061	0.00099596	0.00775201	0.00647587	0.000553683	0.00111556	0.00114962	0.00270987	0.000660023	0.000755193	0.00392773	0.000820885	0.00122251	0.00516286	0.00208315	0.00302973	0.00427941	0.00382076	0.00351939	0.00165647	0.00118539	0.00221474	0.00174896	0.0040849	0.00284838	0.00283706	0.00113158	
0.0122657	0.00806962	0.024962	0.0126017	0.0197041	0.0205166	0.0175435	0.0221324	0.0164691	0.0238356	0.0235709	0.0145753	0.027708	0.0227821	0.0164319	0.0236779	0.0192667	0.0191096	0.0153422	0.0280836	0.0205974	0.0533362	0.0388662	0.0275373	0.0140155	0.0131651	0.0238488	0.0144425	0.0199447	0.0212976	0.0262462	0.0192884	0.0150161	0.0179953	0.050344	0.0268496	0.012516	0.0171251	0.0106161	0.0233076	0.0168827	0.0123733	0.0158207	0.018054	0.0169503	0.019142	0.0168111	0.0289614	
0.00231827	0.00447167	0.00400889	0.00342532	0.00450325	0.00363178	0.00444653	0.00304327	0.00410665	0.00525059	0.00194889	0.00475752	0.00204511	0.00139306	0.000669918	0.00545702	0.00169033	0.00118272	0.000663814	0.00579415	0.00196922	0.00142498	0.00381285	0.000857107	0.00542021	0.00191355	0.00233689	0.00806732	0.00332183	0.00265989	0.00238666	0.00344824	0.00215551	0.0034216	0.00119019	0.00218042	0.0678159	0.0553837	0.0813296	0.0410496	0.0738938	0.0633004	0.0838625	0.0725045	0.0882671	0.0870364	0.0839953	0.0901862	
0.0319197	0.0370906	0.0163376	0.0121778	0.015238	0.0219899	0.0183271	0.0217158	0.0278743	0.0142046	0.0147956	0.0170943	0.0127228	0.0285198	0.0198946	0.0160203	0.0240402	0.0183786	0.0156032	0.0213644	0.0244541	0.0195995	0.0238919	0.017405	0.0205446	0.0228912	0.0100446	0.0206083	0.03206	0.0240297	0.0161099	0.0271732	0.016774	0.0225775	0.0306005	0.0243995	0.0227728	0.020054	0.0236065	0.0144714	0.0235744	0.015082	0.00943428	0.0168191	0.0223847	0.0251277	0.0205129	0.0276876	
0.0118363	0.0142132	0.0217414	0.0182008	0.0181019	0.0267363	0.0349503	0.0182589	0.0215779	0.008843	0.0154466	0.0128167	0.0325358	0.015648	0.0222505	0.022178	0.0272342	0.0232097	0.0350726	0.0228568	0.0255095	0.0247773	0.0311239	0.0178471	0.0115366	0.0117686	0.0168752	0.0267144	0.0191118	0.0154736	0.0312991	0.0289798	0.0275192	0.0200052	0.0206553	0.0265413	0.0159256	0.017965	0.0168986	0.0092843	0.0179035	0.0150896	0.00849954	0.0340696	0.0217053	0.0327545	0.0161842	0.0142734	
0.0176327	0.0182035	0.0201357	0.027916	0.0157385	0.0158408	0.01954	0.0160379	0.011637	0.033239	0.0161751	0.0172988	0.0267821	0.0148049	0.0237646	0.0225234	0.0212363	0.0165408	0.0228571	0.0261842	0.0163206	0.0206663	0.0177849	0.0163845	0.0281451	0.0120664	0.0241413	0.0194786	0.0193647	0.0181601	0.0251244	0.0243394	0.023312	0.020025	0.0213245	0.0161152	0.028284	0.032415	0.0108025	0.0140328	0.0151909	0.0294749	0.0160653	0.0409424	0.0208961	0.0252088	0.0143157	0.0255306	
0.0155183	0.0333409	0.0254131	0.0221038	0.0336522	0.0141975	0.0299647	0.0135349	0.0125031	0.0131711	0.025216	0.0192837	0.0106468	0.0220005	0.0215084	0.0279693	0.0387095	0.0166253	0.0211364	0.0244908	0.0192993	0.0268681	0.0181139	0.0182575	0.0134715	0.0211584	0.0256987	0.026253	0.0272118	0.0297048	0.0170336	0.021361	0.0242749	0.0222133	0.0259824	0.0224906	0.0153213	0.0158387	0.0252557	0.017295	0.0168623	0.0173025	0.0128743	0.0185708	0.015591	0.0168757	0.013074	0.0147598	
0.0135929	0.0266107	0.0136912	0.0211908	0.0142855	0.0205498	0.022304	0.0321256	0.0192084	0.0235848	0.0181446	0.0179857	0.0181228	0.0162215	0.0304275	0.01459	0.0274516	0.0185963	0.0254266	0.0140653	0.0162836	0.0141695	0.0217832	0.0165144	0.0202854	0.0186574	0.027495	0.0404993	0.0255114	0.0335855	0.0226977	0.015006	0.0236227	0.0400815	0.0160947	0.0284354	0.0165151	0.0184039	0.0160933	0.017629	0.0183581	0.0157114	0.0128726	0.0222677	0.0201012	0.0167099	0.0237535	0.0126859	
0.0242662	0.0174631	0.0142633	0.0141135	0.0222855	0.0209073	0.0179418	0.0169633	0.0164973	0.0173985	0.0180933	0.0194539	0.015047	0.016005	0.0191636	0.0186244	0.0216188	0.0231752	0.0193388	0.021506	0.0223977	0.0235578	0.0415502	0.0282021	0.0179088	0.0211902	0.019633	0.0160852	0.0189743	0.0165712	0.0371391	0.015911	0.0161782	0.0203166	0.0210169	0.0223576	0.0282173	0.0212527	0.0348081	0.0228966	0.0125309	0.0312266	0.0137488	0.0203476	0.0185446	0.0270182	0.01937	0.0169227	
0.00243272	0.00151251	0.000150926	0.000144877	0.000678767	0.000237055	0.000842613	0.00195643	0.000363101	0.0019647	0.000138456	0.00294161	0.0392414	0.0382291	0.0437096	0.0365614	0.0411122	0.0455232	0.0362939	0.0396136	0.0364737	0.0427044	0.040143	0.0412108	0.0449345	0.0382736	0.0459141	0.0407561	0.0397546	0.0394095	0.046545	0.0350655	0.0394638	0.0446945	0.0384297	0.0388965	0.000937831	0.000718808	0.00107357	0.00178954	0.000159585	0.000849116	0.00237882	0.000830875	0.0023744	0.000454071	0.00190088	0.000215012	
0.0146075	0.0202084	0.0252423	0.0116275	0.0231544	0.0156767	0.0299189	0.0282688	0.028462	0.0276721	0.0196328	0.0284052	0.0243664	0.0157529	0.00995805	0.0155594	0.0181665	0.0210467	0.0192089	0.0150886	0.0240138	0.0226665	0.0178374	0.020946	0.0151504	0.0135971	0.0177385	0.0207436	0.0211939	0.0189577	0.0293816	0.0436918	0.0307887	0.0245369	0.0338107	0.0125456	0.016435	0.0208379	0.0166344	0.0103599	0.0302411	0.0112421	0.0136198	0.0215656	0.0209682	0.0214277	0.026399	0.0106452	
0.0136867	0.0365379	0.0177922	0.0215433	0.0136271	0.0188984	0.0109916	0.0140491	0.0292961	0.00636288	0.0256545	0.00875319	0.024733	0.0177068	0.0227619	0.0116917	0.0432581	0.012922	0.0244399	0.0151931	0.0194201	0.0163715	0.0476108	0.0150916	0.0170905	0.0274567	0.0352018	0.0239645	0.0268689	0.041221	0.0299976	0.0148013	0.0336323	0.032417	0.0174413	0.0104323	0.0145358	0.011656	0.0106982	0.0206277	0.0124574	0.0196107	0.0147251	0.0206141	0.0231804	0.0179148	0.0166116	0.0184495	
0.0271637	0.00750768	0.0158769	0.0129708	0.0261471	0.0167134	0.0192536	0.0129465	0.0140107	0.0230928	0.016407	0.0150515	0.0194264	0.0294525	0.0201299	0.0198516	0.0208927	0.0243068	0.0143966	0.0262915	0.0372013	0.0195595	0.0059346	0.0156206	0.0269586	0.00604692	0.00739456	0.0207902	0.0324759	0.0171014	0.0200668	0.0291425	0.0141622	0.00817197	0.0196316	0.0108417	0.013672	0.0225616	0.028779	0.0297068	0.0208389	0.0195786	0.0272306	0.0250588	0.0527671	0.0237743	0.0303221	0.0327203	
0.00348886	0.00876714	0.00363999	0.00503799	0.00752061	0.0029087	0.00708826	0.00463546	0.00353427	0.00525496	0.00385914	0.00342788	0.0370281	0.0547084	0.0344608	0.0351687	0.0265388	0.0164498	0.0366469	0.0421175	0.0384887	0.0335097	0.0538233	0.0275974	0.0274129	0.029024	0.0418877	0.0280999	0.0363715	0.0244561	0.0364205	0.0383563	0.0501184	0.0504065	0.0352487	0.0354009	0.00451181	0.00518055	0.00221896	0.00275284	0.00364086	0.00225732	0.00527123	0.00989459	0.00866384	0.00468277	0.0133581	0.00866239	
0.0175549	0.026504	0.0114791	0.0173265	0.0214626	0.0336672	0.012504	0.0212178	0.0212989	0.0175463	0.012868	0.015934	0.0181371	0.043524	0.021979	0.0214887	0.0179455	0.0202587	0.0144507	0.0169934	0.0293247	0.0203332	0.0252515	0.0184149	0.0172347	0.0199212	0.0255931	0.0208427	0.0221615	0.021845	0.0165298	0.0213443	0.0212741	0.03352	0.0209965	0.0111007	0.0191282	0.0197541	0.0204075	0.0214766	0.0119003	0.0240791	0.0112374	0.0181902	0.0318692	0.0306138	0.0109907	0.0305249	
0.0128516	0.0145531	0.0128749	0.00288135	0.0102567	0.0102547	0.00979107	0.00881181	0.00534248	0.00955361	0.00861274	0.00799724	0.00611723	0.00761933	0.00623228	0.0146205	0.00499034	0.0125727	0.00847117	0.00751004	0.015572	0.0048581	0.0185673	0.0183597	0.00683861	0.0124929	0.00739635	0.00911716	0.012014	0.0127298	0.00788749	0.0069103	0.0126224	0.0111763	0.0271294	0.00560863	0.0637971	0.0821929	0.0770574	0.111259	0.0644507	0.0531637	0.0145993	0.0392538	0.00981018	0.0622813	0.0221102	0.0288295	
0.00932003	0.0249437	0.0107517	0.019316	0.0188766	0.0163421	0.0117268	0.0132485	0.00756312	0.013227	0.0187228	0.0180835	0.027641	0.0132961	0.0238743	0.036122	0.0128634	0.020048	0.0268696	0.0164538	0.043522	0.0287219	0.0283759	0.0252466	0.03021	0.02464	0.0178033	0.0299039	0.0221275	0.0148025	0.0223244	0.0341466	0.0312491	0.0263536	0.0185997	0.0206272	0.017996	0.0170289	0.033062	0.0231611	0.0201789	0.0142299	0.0162995	0.0118106	0.0190362	0.0205753	0.0211488	0.00752891	
