0.0250426	0.00821605	0.0217607	9.63387e-16	0.00595825	0.00682057	0.0348098	0.019546	0.0395704	9.63387e-16	0.0238893	0.00435005	0.0157148	0.0289682	0.0368743	0.0224471	0.00684702	0.0310494	0.0355116	0.0194279	0.0211079	0.0158612	0.0294672	0.0281612	0.0193	0.0408442	0.0260052	0.0538953	0.0266106	0.0135198	0.0232174	0.0204821	0.0124545	0.0371988	0.0152575	0.00509754	0.0135007	0.0143829	0.00864346	0.0116022	0.00482232	0.0293498	0.0268768	9.63387e-16	0.0626931	0.0307728	0.0220714	9.63387e-16	
0.009455	0.039083	0.0209353	0.0177515	0.0279822	0.0106783	0.0106494	0.0247079	0.0159682	0.0448254	0.0109853	0.0259812	9.39927e-16	0.0337904	0.0163217	9.39927e-16	0.0545193	0.01945	0.0156479	0.0342001	0.0193047	0.051183	0.0233449	0.0203614	0.00357717	0.0157868	0.0241124	0.0172025	0.0416795	0.0221859	0.0251744	0.0312497	0.0225715	0.0186023	0.0225872	0.0165683	9.39927e-16	9.39927e-16	0.0228459	0.0322586	0.0346798	9.39927e-16	0.00688553	0.0292775	0.026507	0.0210096	0.0123922	0.0057199	
9.03839e-16	0.00990501	0.0107744	0.00769155	0.0150939	0.00288498	0.00914061	0.0235855	0.0117826	0.00564754	9.03839e-16	9.03839e-16	0.0422566	0.0327106	0.0190416	0.0506492	0.0377422	0.0210545	0.0118193	0.0503605	0.0206315	0.0353976	0.0391294	0.0241353	0.0272109	0.00122404	0.0303636	0.0300109	0.00421538	0.0449955	0.0059271	0.0500926	0.0269828	0.0152469	0.0378314	0.0551159	0.0446753	0.0300872	0.00969345	0.001846	0.0244925	9.03839e-16	0.0340287	9.03839e-16	0.0151853	9.03839e-16	0.0193685	0.00997166	
0.0604144	0.0285323	0.0509575	0.0399787	0.0455867	0.0624435	0.0687582	0.0488983	0.0402852	0.0543049	0.0359759	0.0508181	0.00447121	0.00293659	0.00266941	0.00297555	0.0240893	0.0254688	0.0113131	0.0348593	0.0230309	0.0150466	0.000956799	0.0105719	0.0198063	9.11546e-16	0.00492781	9.11546e-16	0.0267074	9.11546e-16	0.00294106	0.0218853	9.11546e-16	0.00269459	0.0193505	0.014203	0.0131152	0.0118137	0.0211764	0.0171537	0.0121978	9.11546e-16	0.00734483	9.11546e-16	0.0176166	0.0261921	0.00784337	0.00768722	
0.00607917	0.00771769	0.0192342	0.0115393	0.0184788	0.0134593	0.0244482	0.023148	0.0254283	0.0383356	0.0274819	0.00873555	0.0451324	0.0156786	0.0154621	0.0390378	0.0231558	0.0222486	0.00607781	0.0102793	0.0440371	0.0390551	0.0190003	0.0198779	0.011214	0.0376237	0.0596106	0.0253716	0.030527	0.0347806	0.0335746	0.0398428	0.0202084	0.00175044	0.040794	0.0246115	0.00874926	0.0158156	0.00405697	0.0205899	0.00470335	0.0108094	0.0141303	1.04991e-15	0.00777035	1.04991e-15	0.0103358	0.0200013	
0.0191848	0.036727	0.0421634	0.0325774	0.0289511	0.023483	0.0283291	0.0146686	0.0361193	0.0454931	0.00277401	0.0283438	0.0191744	0.0100332	0.00201641	0.0305809	0.00323354	0.0038728	1.05469e-15	0.0181968	0.0161031	1.05469e-15	0.0282412	1.05469e-15	0.0276699	0.00138488	1.05469e-15	0.031576	0.023041	0.00464824	0.0100503	0.015656	0.00516401	0.0210711	1.05469e-15	0.0113235	0.0148123	0.0115294	0.0197252	0.00177508	0.0201958	0.0389355	0.0573665	0.0352629	0.0197227	0.0590402	0.0563579	0.0434247	
0.0320977	0.00940359	0.00625744	0.0269768	1.0861e-15	0.0307687	1.0861e-15	1.0861e-15	0.0382676	0.00613995	0.00754872	0.0312606	0.0330039	0.0481224	0.0117962	1.0861e-15	0.0360053	0.0368168	0.0118574	0.024825	0.0174671	0.0428488	0.0109202	0.0349623	0.0317115	0.0607453	0.000874666	0.00975945	0.0418359	0.0104524	0.0128438	0.0428477	0.0102924	0.0124152	0.0408942	0.0322092	0.0224967	0.0387036	0.00783655	0.00152688	0.0148451	1.0861e-15	0.00751275	0.0258088	0.0143188	0.0190073	0.0290675	0.014648	
1.04399e-15	0.00197623	0.00834268	0.0139876	0.00652519	0.0156874	1.04399e-15	0.00449305	0.0433669	0.00415393	0.0147819	1.04399e-15	0.0380615	0.0294762	0.0451609	0.031547	0.0126178	0.0251219	0.06209	0.0415765	0.0316974	0.0250823	0.0475789	0.023383	0.0170952	0.0118392	0.0132106	0.0277958	0.0185374	0.0151627	0.0247328	0.0219714	0.0272335	0.0372634	0.0306287	0.0638011	0.00344781	0.0178129	0.00340494	0.0184825	0.0295835	0.00518324	0.00262373	0.0335809	0.00667122	0.02901	0.00654204	0.00767723	
0.0314552	0.00788893	8.85463e-16	0.0323996	0.0120382	0.0154585	0.0239919	0.0113523	0.000933162	0.0291334	0.0183746	0.0185393	0.0227965	0.00961522	0.0138744	0.0430253	0.0205614	0.0224109	0.0424998	0.0266045	0.0291778	0.0309452	0.0451359	0.0202138	0.0512597	0.0152575	0.0333149	0.0124629	0.00904466	0.0206956	0.0224559	0.0391833	0.0332883	0.0462063	0.0320644	8.85463e-16	0.0138809	0.0123105	0.00321981	0.00369166	0.016345	0.0266069	8.85463e-16	0.0102304	8.85463e-16	0.0309713	0.00672265	0.0323617	
9.7772e-16	0.0359257	0.0105962	4.5801e-05	0.0265713	0.00602614	0.0234691	0.0267691	0.0155697	0.0398887	9.7772e-16	0.00910514	0.011764	0.0151911	0.049934	0.0555009	0.039092	0.0148811	0.0152963	0.0445635	0.0280451	0.0318715	0.027281	9.7772e-16	0.0342593	0.0378852	0.0299269	0.052495	0.0222103	0.0157213	0.0252759	0.0202012	0.032828	0.0258666	0.0340966	0.0294938	0.00886927	9.7772e-16	0.0183366	0.0208515	0.00272995	9.7772e-16	0.00455458	0.00852726	0.0334648	0.00845051	9.7772e-16	0.00656794	
0.0213162	0.00950895	0.0146302	9.78059e-16	0.0236095	0.014236	0.00580629	9.78059e-16	0.00222635	0.027982	0.00293137	0.0292651	0.0261445	9.78059e-16	0.00453027	0.0420889	0.0446314	0.0342065	0.0506914	0.0180022	9.78059e-16	0.0184766	0.0215217	0.00760621	0.0486556	0.0365408	0.0436293	0.0639779	0.0465067	0.0467628	0.0328324	0.0369567	0.036498	0.040897	0.00569343	0.0651588	9.78059e-16	9.78059e-16	0.0286148	9.78059e-16	9.78059e-16	9.78059e-16	9.78059e-16	0.0116116	0.00697462	9.78059e-16	0.0207513	0.00852648	
0.0153901	0.00256084	9.13351e-16	9.13351e-16	0.0416353	0.0253408	0.0262508	0.00438202	9.13351e-16	0.00410937	0.00440991	0.0236471	0.0228997	9.13351e-16	0.0120474	0.0379909	0.0145146	0.0480481	9.13351e-16	0.0245294	0.027548	0.0258899	0.067222	0.0486365	0.0313001	0.041368	0.0210518	9.13351e-16	0.0290358	0.00612403	0.04441	0.0264973	0.0338119	0.0434706	0.0299297	0.00872237	9.13351e-16	0.0349662	0.0373487	0.0175799	9.13351e-16	0.0259191	0.0303332	0.0299618	0.000454455	0.0145109	9.13351e-16	0.0161512	
0.014004	0.0129037	9.91173e-16	9.91173e-16	0.00139804	0.00170865	9.91173e-16	0.0201623	0.00341931	0.0112204	9.91173e-16	0.0218349	0.02985	0.0337518	0.0324888	0.0377592	0.0320688	0.0335304	0.0403251	0.0386585	0.0230908	0.0566943	0.0254782	0.026515	0.0375269	0.0194259	0.0551106	0.0460555	0.0373957	0.038569	0.0366707	0.0188398	0.0321349	0.0470276	0.0252226	0.0338944	9.91173e-16	9.91173e-16	0.00796874	0.00876148	9.91173e-16	9.91173e-16	0.0182797	0.00765563	0.0195966	9.91173e-16	0.0130021	9.91173e-16	
0.0131679	0.0193456	0.0345731	0.0193561	0.0323008	0.0287117	0.0249897	0.0447215	0.023216	0.0211747	0.00975384	0.0393017	0.0223485	0.0185327	0.0103308	0.0299712	0.0177364	0.0164801	0.0310253	0.0159999	0.0214714	0.034487	0.0166162	0.00558769	1.04407e-15	0.0255983	0.0378533	0.011146	0.021641	0.0363434	0.0490934	0.0320505	0.0275626	0.0237206	1.04407e-15	0.0189657	0.0345866	0.0164244	0.0213616	0.00232077	0.0250495	1.04407e-15	0.0133829	1.04407e-15	0.0400144	0.00509037	1.04407e-15	0.00659496	
0.00707512	0.0122559	9.70514e-16	0.0165356	0.0257781	0.021679	0.0101218	0.0154454	0.0257491	0.00727427	9.70514e-16	0.00092285	0.0254704	0.0416355	0.0412246	0.0264247	0.0485101	0.0192701	0.0237733	0.0173253	0.0290297	0.0348303	0.0325044	0.0284442	0.0236317	0.0346336	0.0241196	0.0205935	0.0513397	0.0246144	0.0118987	0.0329888	0.0287284	0.0522684	0.0459592	0.0383448	0.0094442	0.00139204	0.00192679	0.0114756	0.00673911	0.00728636	0.00836441	0.0119613	0.00699367	0.00985958	9.70514e-16	0.0241564	
0.0180573	0.0295469	0.0137463	0.0218977	0.0202341	0.0270248	0.00940791	1.02537e-15	0.00612562	0.00165329	0.0168465	0.0441357	0.0241559	0.0200172	0.032606	0.0294782	0.0355278	0.00585175	0.0303981	0.0191564	0.0327064	0.0121225	1.02537e-15	0.0190742	0.0268736	0.000934622	0.0132831	0.0333667	0.00678621	0.0151024	0.00732721	0.0339484	0.0158076	0.00944808	0.00622824	0.0372189	0.0216548	0.0407947	0.030963	0.0308106	0.0259497	0.0208404	0.0297398	0.0469843	0.0307665	0.00806993	0.0167414	0.0205895	
9.2513e-16	0.00536346	0.0137582	0.00633213	0.00288465	9.2513e-16	9.2513e-16	0.00517139	9.2513e-16	0.00873593	0.00634312	9.2513e-16	0.0227931	0.0314274	0.0263718	0.0377315	0.03228	0.0279989	0.0334885	0.0369623	0.053026	0.0298129	0.0339999	0.0445008	0.03143	0.0271274	0.0379774	0.0410075	0.0516712	0.0341981	0.0178081	0.0375399	0.0328031	0.0265596	0.0419257	0.0325881	0.00323915	0.00791546	0.0078359	0.00164321	0.0112369	0.00753645	0.0285417	0.0130696	0.00912572	0.0109601	0.0194598	0.0078178	
0.0213687	0.0312845	1.08068e-15	0.00445723	0.00146355	0.0269282	0.00868657	0.0102354	0.0175113	1.08068e-15	1.08068e-15	0.0165183	0.0422274	0.0228608	0.00998533	0.0431306	0.00947825	0.0152614	0.00752532	0.0229689	0.0438013	0.0438365	0.0372499	0.0481327	0.0297074	0.0163768	0.0304155	0.0190544	0.03233	0.0229619	0.0167899	0.0226629	0.049986	0.0110195	0.0357625	0.0169171	0.0167967	0.0307656	0.0121991	0.0234341	0.00263665	1.08068e-15	1.08068e-15	0.0308102	0.0222873	0.0263851	0.00511226	0.0406769	
0.0355542	0.00816633	0.0310831	0.0120345	0.0207463	0.030739	0.0238434	9.90225e-16	9.90225e-16	9.90225e-16	0.00894811	9.90225e-16	0.019009	0.017413	9.90225e-16	0.0253559	0.0338726	0.033266	0.0276053	0.0341863	0.0465122	0.0129786	0.0190529	0.0395137	0.0258851	0.0115943	0.00164529	0.00321094	0.0252448	0.022948	9.90225e-16	0.0259633	0.0284608	9.90225e-16	0.0211093	3.73261e-06	0.0198376	0.0420902	0.0173483	0.0473202	0.0555301	0.0457529	0.0173747	0.0248018	9.90225e-16	0.0348478	0.0156281	0.0335224	
0.00101479	0.0106575	0.0118608	9.0083e-16	0.00967753	0.0200199	9.0083e-16	0.0254642	0.0170059	0.0148502	0.00514911	0.00283659	0.0304072	0.0213104	0.039411	0.0362857	0.042408	0.0160998	0.0247361	0.0272939	0.0300516	0.0280882	0.0320695	0.0307949	0.0341168	0.0334149	0.0352687	0.043015	0.0334438	0.0253487	0.0161561	0.0281519	0.0317471	0.0337829	0.0338108	0.0197521	0.012137	0.0320475	0.00720933	0.0220561	0.0125743	0.0208595	0.0166494	0.00575815	9.0083e-16	0.0191246	0.00608209	9.0083e-16	
