0.0248657	0.0134053	0.0100803	0.0026878	0.00570007	0.00510022	0.0204787	0.00934204	0.0346707	0.00368455	0.0294457	0.00427671	0.00811371	0.0229736	0.0684089	0.0178843	0.00510904	0.0257244	0.0474145	0.015669	0.0365201	0.0156297	0.0175497	0.022659	0.00926002	0.0351502	0.0231645	0.058706	0.0339369	0.0187627	0.0136444	0.0193075	0.0087725	0.0503059	0.00791254	0.0146663	0.0170231	0.00762099	0.00570785	0.0196988	0.0187448	0.01261	0.0117856	0.00567316	0.0603974	0.0513606	0.0227274	0.00566702	
0.0104813	0.0578101	0.03176	0.0135777	0.0295797	0.0190048	0.00954986	0.0423845	0.0168872	0.0320581	0.0231773	0.0340332	0.00713822	0.0373167	0.0237515	0.00769816	0.0472886	0.0237103	0.0349696	0.0290602	0.0129626	0.0296139	0.0166931	0.0123112	0.0164126	0.0262933	0.0353511	0.0206092	0.0167443	0.0102464	0.0176682	0.025494	0.0163741	0.0200748	0.0267032	0.00798133	0.00211124	0.0111806	0.0202428	0.0299207	0.0167388	0.00557996	0.00936435	0.0170162	0.0120059	0.0117876	0.0153166	0.00596466	
0.00302444	0.00796943	0.0183407	0.00965486	0.0180159	0.0104114	0.0238335	0.00981986	0.01465	0.0308437	0.00611184	0.00450112	0.0205547	0.0302571	0.0305385	0.0406758	0.0283451	0.0166021	0.0108895	0.0419579	0.0238425	0.0327692	0.0384699	0.0122343	0.0254314	0.019888	0.0215898	0.0256339	0.0195856	0.0187217	0.00569889	0.0530425	0.0127175	0.00975392	0.0447334	0.021146	0.042007	0.0151241	0.00695434	0.01847	0.0180938	0.0130168	0.0534959	0.010867	0.0178276	0.00441783	0.0257239	0.0117457	
0.0747405	0.0569456	0.0661918	0.055525	0.0744508	0.0722167	0.0695353	0.0657095	0.0697495	0.0670955	0.0668779	0.0638612	0.00284622	0.00266021	0.00110527	0.00127032	0.00824522	0.0125731	0.00449389	0.0168132	0.00929086	0.00808313	0.00148611	0.00617485	0.0134896	0.000858498	0.00185807	0.00121807	0.00908653	0.000445766	0.00119582	0.00907735	0.000517204	0.00111367	0.0145961	0.00568507	0.00575192	0.00631263	0.00778809	0.00775063	0.00428139	0.00101432	0.00425575	0.00150264	0.00970523	0.00894619	0.00282993	0.00277788	
0.00338024	0.00678083	0.0135725	0.014294	0.00990046	0.0160139	0.0369262	0.0136508	0.0160478	0.0365629	0.0307069	0.00935878	0.0454238	0.0248977	0.0239265	0.0401855	0.0181009	0.0272492	0.0151585	0.0282217	0.0362067	0.0376787	0.0301278	0.0188669	0.00862078	0.0144978	0.0499427	0.0233087	0.0174083	0.0206127	0.039528	0.0464147	0.0168462	0.00310012	0.0612171	0.0191831	0.00917566	0.0193305	0.00821397	0.0247787	0.00557621	0.00991441	0.00666662	0.00141526	0.00757664	0.00593693	0.0054018	0.0220942	
0.00677137	0.0126188	0.0144309	0.0112356	0.0121055	0.0115527	0.0141783	0.00526595	0.0147093	0.0187104	0.00350516	0.0110085	0.00676788	0.00372082	0.00143116	0.0170357	0.00133296	0.00245076	0.000925332	0.0131338	0.00574413	0.00302141	0.0135958	0.00125312	0.00959973	0.00161582	0.00209669	0.026882	0.00805676	0.00532887	0.00476347	0.00947531	0.00526016	0.00817611	0.000652661	0.00736581	0.0516958	0.0293765	0.0598948	0.00691653	0.0438141	0.0507105	0.0810762	0.0601414	0.0729735	0.0806203	0.0835843	0.0834176	
0.0461632	0.0245116	0.0118013	0.0154115	0.00379722	0.0279438	0.00740575	0.00172706	0.0336828	0.00957973	0.00398882	0.0132072	0.0137883	0.0374758	0.0129535	0.00626273	0.0254662	0.0182787	0.0197991	0.0238913	0.0140953	0.0448369	0.012817	0.0218782	0.0286786	0.052356	0.00640798	0.00834752	0.0431531	0.00562185	0.0212495	0.0511928	0.024583	0.0213675	0.0511192	0.0261113	0.0384547	0.0269515	0.0144432	0.00718304	0.00773536	0.0080317	0.0089733	0.0146887	0.0266183	0.0162721	0.0141538	0.0255427	
0.00366754	0.00462415	0.0268047	0.00718709	0.00996289	0.0162196	0.0124862	0.00874055	0.0169802	0.0021298	0.00727521	0.00531414	0.0575505	0.0156459	0.0208771	0.0181831	0.0296751	0.0383818	0.0515293	0.0404509	0.0219282	0.028005	0.0389596	0.0241933	0.0150889	0.011575	0.0202022	0.0427758	0.00870369	0.0147208	0.026308	0.0416396	0.0369853	0.0195382	0.0257007	0.0500606	0.00428396	0.0145513	0.0129261	0.00868538	0.0123857	0.0214047	0.00436924	0.0437955	0.0122497	0.0315918	0.00470524	0.00898081	
0.0159383	0.00685804	0.00946663	0.0139258	0.00713871	0.0251	0.0269862	0.0145604	0.00757966	0.0297524	0.00862933	0.0163812	0.0384079	0.00633104	0.0301178	0.0250701	0.0143588	0.015973	0.0253769	0.0105105	0.0128519	0.0276861	0.0181713	0.0159724	0.0411111	0.00821179	0.0364933	0.0226554	0.0209251	0.0183725	0.0145183	0.0295379	0.021527	0.018528	0.028475	0.00813711	0.0270109	0.0607978	0.0125012	0.00935581	0.0195514	0.0371922	0.0126898	0.0265082	0.0156495	0.0426435	0.0181619	0.0263009	
0.00415011	0.0584731	0.0176733	0.00428339	0.0312106	0.00875553	0.0223798	0.0111851	0.00933773	0.0188105	0.0052789	0.015692	0.0116386	0.00732577	0.0372532	0.0605235	0.0336904	0.0150949	0.0255539	0.0343416	0.0290853	0.0310957	0.0171583	0.00631301	0.028797	0.0332164	0.0370826	0.0396002	0.0156269	0.0278272	0.0158657	0.0179138	0.0276486	0.0242503	0.0498063	0.0270246	0.00481477	0.00155078	0.0279325	0.0164886	0.00796936	0.00576837	0.0135883	0.0177946	0.0213681	0.00916865	0.00314001	0.00945226	
0.00869188	0.00826883	0.0213947	0.00729164	0.0242596	0.0175187	0.00552565	0.00954596	0.0120323	0.0203514	0.00894868	0.0153979	0.0249077	0.00786291	0.0225886	0.0248959	0.0523386	0.0272664	0.0204873	0.0165583	0.00716723	0.00881972	0.0122478	0.00602935	0.0375647	0.0225855	0.0219185	0.086594	0.0340157	0.0691804	0.0347043	0.0159091	0.0300758	0.0709497	0.0124882	0.0573024	0.00588898	0.00848389	0.0144852	0.00759318	0.0144463	0.00388844	0.00983599	0.00746077	0.0059151	0.00707666	0.0222987	0.00894159	
0.018339	0.0152574	0.00781512	0.00400825	0.025472	0.0362871	0.0139022	0.013007	0.0133786	0.00652169	0.018573	0.0197204	0.0127851	0.00746957	0.0246771	0.026239	0.0185364	0.0398499	0.0157776	0.0320188	0.0309235	0.0137819	0.0709093	0.0440469	0.0155853	0.0240415	0.0301931	0.00875992	0.0155466	0.00719324	0.0520598	0.0153446	0.0164225	0.0209497	0.0243902	0.0104229	0.0155487	0.0168073	0.0303059	0.0309479	0.00596243	0.018208	0.015263	0.0331183	0.00520618	0.0274938	0.013751	0.0171818	
0.00603488	0.00437952	0.00018893	0.000188931	0.00145448	0.000647847	0.000633994	0.00687484	0.00121807	0.00492165	0.000273261	0.00896629	0.0341655	0.0408638	0.0434606	0.0348234	0.0400724	0.0443691	0.0407895	0.0368251	0.0310359	0.0476976	0.0344246	0.0303199	0.0480221	0.0328494	0.0508594	0.039105	0.0365771	0.0347476	0.0405592	0.0269402	0.038212	0.0442765	0.0376145	0.0397514	0.000545694	0.000598808	0.00273454	0.00512415	0.00018893	0.000722938	0.00760048	0.00279115	0.00820435	0.000245978	0.00659111	0.000507313	
0.0137773	0.0327039	0.0392225	0.021626	0.0244214	0.0194371	0.0293142	0.0392589	0.0334126	0.0259247	0.00571927	0.045151	0.016949	0.00864556	0.00591158	0.020461	0.0305527	0.0208817	0.0356094	0.00979171	0.0247058	0.027361	0.00765414	0.016014	0.00567369	0.0217376	0.0252371	0.019693	0.0300093	0.0197386	0.0357771	0.0315806	0.0417234	0.0195197	0.00681723	0.0087899	0.0166752	0.0329437	0.0180816	0.00560355	0.043186	0.00443225	0.0114468	0.00195578	0.0279234	0.00516911	0.00779801	0.00398115	
0.0135989	0.0189035	0.00183362	0.0250099	0.0134617	0.0280076	0.00501485	0.0148784	0.0207733	0.00632568	0.00307573	0.00168479	0.0312266	0.0155194	0.0482714	0.0206222	0.0682534	0.0171909	0.0172655	0.0174441	0.0113175	0.0316087	0.0564375	0.0111385	0.0159784	0.0321001	0.0439556	0.0187651	0.0335201	0.0522059	0.0179955	0.0208334	0.0255575	0.053428	0.0223828	0.0151382	0.00460449	0.00715498	0.00228319	0.0160228	0.012044	0.0172364	0.0130957	0.0209509	0.0129785	0.0110287	0.00720487	0.0246708	
0.0143878	0.0114943	0.00622737	0.0227748	0.0189371	0.0106536	0.00786155	0.00282887	0.0185616	0.00153247	0.0151588	0.0160873	0.0217209	0.0224199	0.0216175	0.0175628	0.0159247	0.00374852	0.018593	0.026613	0.0273974	0.019988	0.00381647	0.0142246	0.0232552	0.00193036	0.00607297	0.0264582	0.0130441	0.00929732	0.00408769	0.0257144	0.0121001	0.00882895	0.00372137	0.0150687	0.0278853	0.0297694	0.0450073	0.0686376	0.0279111	0.0274064	0.037869	0.0522124	0.0731913	0.0189423	0.0346237	0.0468328	
0.000651522	0.00306242	0.00477824	0.00230288	0.00113947	0.000310438	0.000636977	0.00283213	0.000327616	0.0072251	0.00230654	0.000693565	0.0293868	0.0443314	0.0342586	0.0320327	0.0427579	0.0292776	0.0296449	0.040785	0.0482079	0.0341739	0.0366226	0.0414142	0.0357706	0.0337939	0.0398453	0.0401827	0.0458407	0.0300463	0.031956	0.0445635	0.0430931	0.0324073	0.0380303	0.0391371	0.00428448	0.00677146	0.00323876	0.00104931	0.0082538	0.0038016	0.00961299	0.00785748	0.00772518	0.00384553	0.0129353	0.00679669	
0.0271237	0.0373146	0.00466579	0.00717408	0.00781954	0.026241	0.00526275	0.0132423	0.0338504	0.00587366	0.00630518	0.00923271	0.0310209	0.027287	0.0292962	0.038598	0.00657951	0.0242987	0.00465236	0.0270664	0.0279482	0.0382997	0.0313161	0.0248827	0.0275125	0.0270428	0.0234349	0.0247349	0.0369482	0.0391775	0.0118911	0.0175116	0.0424386	0.0109812	0.026745	0.00800815	0.0248695	0.0123991	0.0277473	0.0251704	0.0101027	0.00688281	0.00155701	0.0231082	0.0218736	0.0206489	0.00569639	0.0281659	
0.0124926	0.00830203	0.0196645	0.00465268	0.00755663	0.0140699	0.00859705	0.00101376	0.00166583	0.00396925	0.0105497	0.00280077	0.00697752	0.00768633	0.00198597	0.013555	0.011932	0.0207642	0.0141506	0.0120366	0.0182669	0.00556307	0.0141695	0.0312195	0.00926957	0.00450597	0.00218367	0.00317838	0.00905614	0.0159736	0.00396471	0.0119927	0.0229698	0.00101376	0.00767764	0.00264663	0.0586836	0.0727269	0.0518049	0.109526	0.0780106	0.0724055	0.0220656	0.0483825	0.00426253	0.0544513	0.0355966	0.0440095	
0.0041524	0.013962	0.0144005	0.0011174	0.00493876	0.0267408	0.00163528	0.0215537	0.00895769	0.00812625	0.0129023	0.00679663	0.0488124	0.0088164	0.0293102	0.0407915	0.0164658	0.0076869	0.0417709	0.0121289	0.0357795	0.0294807	0.0231394	0.04226	0.0339687	0.0390576	0.0258043	0.0449439	0.0407803	0.0164849	0.00907047	0.0358174	0.0316431	0.0399786	0.031727	0.0137683	0.0057586	0.0217738	0.0236297	0.0172866	0.00692651	0.0200056	0.0193375	0.00761099	0.00679565	0.0301762	0.0144708	0.00145686	
