0.0261266	0.020108	0.0108804	0.00403171	0.00358002	0.00341028	0.030718	0.00977302	0.038003	0.0040317	0.0233212	0.00217503	0.0121706	0.0255506	0.0478493	0.0182471	0.00342351	0.0356054	0.0502081	0.0235035	0.0361272	0.0146401	0.0263246	0.0190023	0.00964999	0.0418727	0.0179184	0.0642039	0.0312655	0.016602	0.0156296	0.0180483	0.0113622	0.0434593	0.00762876	0.00970065	0.0125681	0.00719144	0.00432173	0.024559	0.0104894	0.0146749	0.0134384	0.0040317	0.0671647	0.0348552	0.0265215	0.0040317	
0.015722	0.0467728	0.0348424	0.0203666	0.0317784	0.0122958	0.0142139	0.0356465	0.0107337	0.0333357	0.0124462	0.0322173	0.00316685	0.0264567	0.0251189	0.00316685	0.0408922	0.0250047	0.0241768	0.0299023	0.0155129	0.0406543	0.0250397	0.0142437	0.0103885	0.0167462	0.033873	0.0211851	0.0208397	0.011093	0.0265022	0.0274903	0.0180149	0.0301121	0.0236915	0.011972	0.00316685	0.00316685	0.0273366	0.0285659	0.0251082	0.00316685	0.00845768	0.0190397	0.0138969	0.0176814	0.0166249	0.00817246	
0.00453666	0.00640448	0.0227832	0.00603904	0.0228389	0.00330472	0.0166762	0.0147298	0.0219749	0.0160566	0.00453666	0.00453666	0.0221369	0.0427646	0.0227323	0.0448696	0.0425176	0.0149699	0.00809454	0.0537632	0.0300628	0.0326004	0.0455823	0.0122327	0.0268425	0.0074951	0.0231047	0.0302224	0.00749622	0.0224977	0.00296355	0.0565389	0.0134914	0.0146309	0.0419832	0.029031	0.045225	0.0160878	0.00484672	0.00683748	0.0271407	0.00453666	0.0491349	0.00453666	0.0168047	0.00453666	0.0198694	0.00740099	
0.0699491	0.0491207	0.0601794	0.0495368	0.0708214	0.0712155	0.0656881	0.0596285	0.059717	0.0629203	0.0602068	0.0593024	0.00403562	0.00395294	0.0013347	0.00190548	0.0120446	0.0162284	0.00674083	0.0220772	0.0136466	0.0101758	0.00222916	0.00691611	0.0172903	0.000582729	0.0024639	0.000582728	0.0133977	0.000582729	0.00147053	0.0130611	0.000582728	0.00134729	0.0163859	0.00780789	0.00802186	0.00812396	0.0109391	0.0116259	0.00609888	0.000582728	0.00485766	0.000582728	0.0131767	0.0130961	0.00392169	0.00384361	
0.00353148	0.0101712	0.0172837	0.0118788	0.0146592	0.0129097	0.0255389	0.0173093	0.0193229	0.0396629	0.0252559	0.00905104	0.048753	0.0200022	0.0183488	0.0450129	0.0271514	0.0236016	0.0080048	0.0196232	0.0404519	0.0414506	0.024393	0.0174634	0.0129312	0.0188119	0.0529657	0.0263612	0.0200721	0.0237467	0.0403612	0.0562138	0.0193371	0.00465017	0.046602	0.0199371	0.0137635	0.0191808	0.00354708	0.026327	0.00649303	0.00819546	0.00706513	0.00212288	0.00501373	0.00212288	0.0051679	0.0181787	
0.00959242	0.0183635	0.0210817	0.0162887	0.0179961	0.0153134	0.0212674	0.00733429	0.0218656	0.0280656	0.00318251	0.015643	0.00958718	0.00501658	0.00174995	0.0246475	0.00168895	0.00287053	0.000978989	0.0151203	0.00805155	0.000978991	0.018943	0.00097899	0.0138349	0.00242374	0.000978991	0.0290984	0.0115205	0.00398267	0.0070042	0.0130286	0.00789024	0.0110128	0.000978991	0.0110487	0.0441378	0.0217351	0.0450322	0.00358589	0.0347601	0.0456121	0.075532	0.0505032	0.052196	0.0784874	0.0817247	0.067284	
0.0312051	0.0104881	0.00987667	0.0168258	0.00259058	0.0299242	0.00259058	0.00259059	0.0342786	0.00677376	0.00413364	0.0156303	0.016502	0.0550177	0.0164106	0.00259058	0.0305352	0.0242779	0.0175826	0.0236435	0.0195857	0.0527839	0.0120076	0.0239641	0.0430178	0.0539989	0.00293465	0.00553436	0.04065	0.00528603	0.0220893	0.0484206	0.011192	0.0247075	0.0694933	0.0267502	0.0296109	0.0339037	0.00685505	0.0061358	0.00742254	0.00259058	0.00749401	0.0148817	0.0271293	0.0168402	0.0169359	0.0143163	
0.00336462	0.00324671	0.0196085	0.00699379	0.00887654	0.0165504	0.00336462	0.0131108	0.0216834	0.00314148	0.00852333	0.00336462	0.047289	0.0234688	0.028805	0.0272747	0.0193259	0.0388907	0.0607417	0.0393434	0.0254865	0.0249576	0.0377435	0.0302794	0.0226334	0.0103733	0.020867	0.0351483	0.0092687	0.0162344	0.0196344	0.0260346	0.0410707	0.0293073	0.0288229	0.068152	0.00642594	0.0162873	0.00879535	0.00924124	0.0147917	0.0087054	0.00169282	0.0430868	0.00865138	0.0299804	0.00327102	0.00608871	
0.0199113	0.0065774	0.00442089	0.0161998	0.00601912	0.0207417	0.0404793	0.0157243	0.00510557	0.0277275	0.00935	0.0245718	0.0295157	0.00480761	0.0230269	0.0336517	0.0138176	0.0224838	0.02838	0.0157657	0.0145889	0.0415292	0.0225679	0.0119639	0.0507558	0.00762874	0.0375433	0.033983	0.0173919	0.023495	0.0217775	0.0268426	0.0269635	0.0231031	0.0238194	0.00442089	0.0223162	0.0346191	0.00568879	0.00685932	0.0210816	0.0334479	0.00442089	0.0182501	0.00442089	0.0353913	0.0173999	0.0394514	
0.00232618	0.0432301	0.0188394	0.00243429	0.0270764	0.0077526	0.0240142	0.0133846	0.0140066	0.0277531	0.00232618	0.0145087	0.0104874	0.00759556	0.0411045	0.053839	0.032004	0.0108275	0.0227348	0.0456124	0.0299216	0.0278497	0.0239654	0.00232618	0.0283386	0.0355808	0.0323207	0.047808	0.0141333	0.026188	0.0237985	0.0246395	0.0335236	0.0204956	0.0385364	0.028015	0.0048182	0.00232618	0.0265904	0.016361	0.00958638	0.00232618	0.0111861	0.0135652	0.0309564	0.00899608	0.00232618	0.0116631	
0.0129973	0.0124032	0.0185189	0.00407615	0.0288641	0.0157403	0.00290314	0.00407615	0.00703716	0.0192028	0.0050672	0.0230968	0.0231044	0.00407615	0.0126506	0.0373438	0.0494355	0.0408996	0.0253457	0.0197016	0.00407615	0.0132296	0.0114742	0.00381171	0.0355599	0.0212647	0.0259238	0.102424	0.0357708	0.0523419	0.0382105	0.0184784	0.0371263	0.0705603	0.00659524	0.0619904	0.00407615	0.00407615	0.0217278	0.00407614	0.00407615	0.00407615	0.00407615	0.00580581	0.00348731	0.00407615	0.0279807	0.00708695	
0.0164711	0.005557	0.00601237	0.00601237	0.0222753	0.0390965	0.0131254	0.00971986	0.00601237	0.00205468	0.0107659	0.0281389	0.0114499	0.00601237	0.0126915	0.0383472	0.0262709	0.0506842	0.00601237	0.0369671	0.0197825	0.0129449	0.0754566	0.0470923	0.0156501	0.0360622	0.0243717	0.00601236	0.0233063	0.00306202	0.0463817	0.0230169	0.0169059	0.0314246	0.0365852	0.0138591	0.00601237	0.0174831	0.0392823	0.0319812	0.00601237	0.0152318	0.0151666	0.0367519	0.00780927	0.0177178	0.00601237	0.014947	
0.00860481	0.00645183	0.000283395	0.000283396	0.00140067	0.000854324	0.000283396	0.0101568	0.00170966	0.00669861	0.000283396	0.0124452	0.032412	0.0389605	0.0385596	0.0347622	0.0360066	0.0433355	0.0432479	0.0373157	0.0268315	0.0504778	0.0327808	0.0306798	0.0464957	0.0294891	0.0530381	0.0384383	0.0377	0.0353532	0.0378307	0.0234577	0.0359278	0.045899	0.035222	0.0380076	0.000283396	0.000283395	0.00398437	0.00672238	0.000283396	0.000283395	0.0105191	0.0039529	0.0121598	0.000283395	0.00927661	0.000283395	
0.0159607	0.0233242	0.0393825	0.0216859	0.0366321	0.022429	0.0285644	0.0442803	0.0267195	0.0307664	0.00487692	0.0357717	0.015786	0.00926636	0.00516539	0.0279137	0.0312516	0.0205345	0.0357767	0.0146876	0.0250399	0.0268133	0.0112529	0.0171487	0.00293368	0.0199938	0.0328369	0.0147282	0.0270905	0.0296078	0.0385831	0.0232111	0.0434408	0.0170114	0.00293368	0.00948286	0.0205124	0.0216879	0.0210177	0.0025945	0.0310633	0.00293368	0.0108796	0.00293368	0.0387094	0.00775367	0.00293368	0.00409618	
0.010437	0.015018	0.00207344	0.018854	0.0201926	0.0340673	0.00506088	0.0129133	0.0282732	0.00670046	0.00207344	0.00158312	0.0312321	0.0208178	0.0457714	0.0229643	0.0553786	0.0184261	0.0157125	0.0152729	0.0145149	0.0315914	0.05374	0.0143994	0.0181986	0.0350131	0.0319592	0.0197967	0.0335535	0.0400421	0.0158226	0.0292858	0.0383363	0.0535174	0.029183	0.0205349	0.00690673	0.00443283	0.000963393	0.0196793	0.00975375	0.0127465	0.0134756	0.0203499	0.0092156	0.00881142	0.00207344	0.0292802	
0.0131377	0.0147735	0.00687313	0.0211986	0.0162733	0.0135124	0.00648948	0.00205362	0.0126143	0.0019973	0.0227383	0.0236142	0.0231893	0.0336298	0.0229437	0.0211959	0.0186694	0.00562279	0.0230592	0.0188094	0.0282551	0.0156688	0.00205362	0.0124968	0.0245462	0.00240959	0.00664153	0.026324	0.010072	0.0119876	0.00366361	0.0256404	0.00948041	0.0108675	0.00311412	0.0201795	0.0339153	0.0357502	0.0487333	0.0589945	0.0247468	0.0243026	0.0382619	0.0622719	0.057093	0.0162878	0.0313817	0.032465	
0.000278236	0.00338598	0.00687911	0.00316607	0.00144662	0.000278237	0.000278236	0.00319735	0.000278237	0.00900021	0.00317156	0.000278237	0.0247129	0.0395186	0.0309708	0.0362962	0.0395685	0.0289034	0.0331886	0.0387779	0.052367	0.0307062	0.0369099	0.0426413	0.0355881	0.0319391	0.0407793	0.0435362	0.0475939	0.0306181	0.0247138	0.0416148	0.0410258	0.032245	0.0399019	0.0353226	0.0038443	0.00625816	0.00461891	0.00111042	0.00909793	0.00485347	0.014326	0.0101183	0.00857794	0.00548005	0.0149105	0.00572616	
0.0261553	0.0404782	0.00233551	0.0107611	0.00390691	0.022842	0.00789412	0.0142375	0.0189763	0.00233551	0.00233551	0.0138491	0.0440047	0.0255046	0.0205563	0.0484828	0.00512636	0.0218504	0.00376266	0.023079	0.0384119	0.0368734	0.0276483	0.0315508	0.0233624	0.0232392	0.0340836	0.0270376	0.0355885	0.0313719	0.0103737	0.0149726	0.0611218	0.0107311	0.0284269	0.00872149	0.0231594	0.0153828	0.0258313	0.0239582	0.00721884	0.00233551	0.00233551	0.0204127	0.0224951	0.0171281	0.00300954	0.0347442	
0.0177771	0.00651512	0.0243053	0.00601723	0.0103732	0.0211049	0.0124882	0.00152064	0.00152064	0.00152064	0.00930262	0.00152064	0.00950449	0.0115295	0.00152064	0.017016	0.0169363	0.0281076	0.0212259	0.0170932	0.0261336	0.0070215	0.0158732	0.0362944	0.0129426	0.00579717	0.0032755	0.00365057	0.0126224	0.0221502	0.00152064	0.017989	0.0262311	0.00152063	0.0105547	0.00159309	0.0438628	0.0591869	0.0395308	0.0819577	0.0905668	0.0576007	0.0230278	0.0425542	0.00152064	0.0508707	0.0266143	0.0406367	
0.00433101	0.00881422	0.0084072	0.0016761	0.00483876	0.0305671	0.0016761	0.0249317	0.0134365	0.011524	0.0101518	0.00364951	0.0326818	0.0106552	0.0361124	0.0328482	0.0246987	0.00861518	0.0343087	0.0164293	0.0354664	0.036157	0.0264957	0.0322917	0.0330552	0.0344083	0.0308298	0.0562364	0.0470358	0.0180651	0.0105248	0.0330139	0.0288895	0.0291814	0.0370506	0.0149175	0.00606851	0.0279239	0.012785	0.0204414	0.00793766	0.0225009	0.020678	0.00950735	0.0016761	0.0356455	0.00918711	0.00167611	
