0.0244252	0.0147794	0.00795727	0.00527974	0.02082	0.0200366	0.0183794	0.0120128	0.0253588	0.0137005	0.0291473	0.00763265	0.00806665	0.019	0.0532255	0.0166517	0.0122435	0.0222172	0.0307177	0.0131584	0.0260185	0.0301724	0.0140815	0.0205411	0.0125154	0.0355985	0.024335	0.0431279	0.0253981	0.0133447	0.0136042	0.0140475	0.0111595	0.0487481	0.0121843	0.0149425	0.0311366	0.012742	0.00986039	0.0163976	0.021346	0.0235325	0.0133956	0.0186662	0.042493	0.0452795	0.0146531	0.0158678	
0.0216485	0.0367787	0.0173724	0.0144149	0.0178504	0.0322517	0.0103645	0.0310257	0.0278799	0.0175002	0.0166494	0.0321679	0.0115253	0.0409501	0.0141198	0.0141387	0.0365435	0.023949	0.0225756	0.0249415	0.0163263	0.0316876	0.0116219	0.0112639	0.0117584	0.0228698	0.0230764	0.019397	0.0130014	0.011278	0.0131986	0.032336	0.0240164	0.0162389	0.0521714	0.00826752	0.00557666	0.0220133	0.0195112	0.0226084	0.0161604	0.00682224	0.0232054	0.0242794	0.0198569	0.0200533	0.0192821	0.0174734	
0.00780241	0.015693	0.0185342	0.00992471	0.0186097	0.0166463	0.0160013	0.0160056	0.0238621	0.0250468	0.01867	0.00734743	0.0288864	0.0486961	0.0320742	0.0319839	0.0209646	0.0134743	0.0155228	0.0255626	0.0160051	0.0258544	0.0207352	0.0219711	0.0326681	0.0203907	0.0150397	0.0167729	0.0194446	0.0261921	0.0190952	0.0500058	0.0121491	0.0162644	0.0350759	0.0219287	0.0246485	0.0244019	0.0131321	0.0155628	0.0191958	0.0119262	0.0326432	0.0152696	0.0122633	0.00669774	0.02256	0.0207978	
0.0697484	0.068473	0.0665148	0.0621217	0.0878555	0.0718852	0.0751028	0.074564	0.0890539	0.0738375	0.0741474	0.066348	0.00150577	0.00160436	0.000892165	0.00103687	0.00402529	0.00687126	0.00254136	0.0104952	0.00459509	0.00457802	0.00103524	0.00700174	0.00876237	0.00071735	0.00134902	0.00102499	0.00425158	0.000801889	0.00100717	0.00484334	0.000530936	0.00155295	0.00697024	0.00326334	0.0045913	0.00493018	0.00409768	0.00420027	0.00230445	0.00103264	0.00267636	0.0021652	0.00483919	0.00452956	0.00209504	0.00162834	
0.00721206	0.00577092	0.0225974	0.0132788	0.0111846	0.0213023	0.0192295	0.017971	0.0167721	0.0277231	0.0251836	0.0160446	0.0344916	0.0164233	0.0177965	0.0215765	0.0152423	0.0230809	0.010111	0.0386847	0.0238776	0.027889	0.042216	0.0247375	0.0105122	0.0123919	0.030877	0.0191456	0.0261558	0.0159915	0.0301555	0.0270367	0.0137886	0.0182404	0.0787285	0.0363827	0.00995338	0.0137689	0.0079564	0.0193977	0.0124282	0.012772	0.00836605	0.00637096	0.0186036	0.0225048	0.0141937	0.0338811	
0.00351348	0.00585917	0.00631151	0.00552841	0.00656978	0.00559071	0.00665294	0.00336615	0.00663851	0.00841878	0.0026249	0.00738534	0.00310677	0.00203637	0.000930702	0.00833732	0.00183997	0.0014236	0.000726826	0.00752416	0.00294024	0.00213487	0.00616647	0.000881727	0.00583124	0.00203906	0.00251784	0.0130085	0.0042683	0.00436204	0.00296387	0.00507082	0.00281437	0.00384183	0.000763134	0.00342667	0.0643944	0.0444596	0.0773645	0.0196058	0.0636975	0.0604145	0.0879227	0.0736775	0.0918141	0.0835612	0.0838351	0.0918367	
0.0269953	0.0405829	0.0190602	0.0141953	0.0093273	0.0167088	0.0154895	0.0148553	0.0360542	0.0102073	0.0171681	0.014762	0.0109235	0.0278902	0.0194069	0.0100436	0.0270094	0.0203404	0.0138757	0.0170636	0.0140403	0.0276718	0.0176598	0.0180926	0.0218444	0.0302949	0.00827221	0.0288397	0.0260748	0.0302463	0.0190375	0.0288514	0.016496	0.0206227	0.0415901	0.0362806	0.0195295	0.0241264	0.0339943	0.00767261	0.017358	0.0164736	0.00838067	0.0167198	0.0165131	0.0157977	0.0158183	0.0397415	
0.00408334	0.00924238	0.0193845	0.0205691	0.0164576	0.0259306	0.0431953	0.0110824	0.0280265	0.00396761	0.00663913	0.00931753	0.0380171	0.0161694	0.0142912	0.027432	0.0335744	0.0262071	0.0497049	0.0292175	0.0313063	0.0169016	0.0341605	0.0204313	0.0115653	0.0118753	0.0160684	0.0348971	0.0163443	0.012707	0.021765	0.0319843	0.0238744	0.0234107	0.0197112	0.0261147	0.0148547	0.0120542	0.0139485	0.00853847	0.0135729	0.0143046	0.00388469	0.0468219	0.0196869	0.0351082	0.015144	0.0164538	
0.0217531	0.0132895	0.0198105	0.0298309	0.0151543	0.0168077	0.0205053	0.018942	0.0127915	0.0347298	0.0151097	0.0147641	0.0282687	0.00714573	0.0303494	0.0181322	0.0225207	0.0120686	0.0263578	0.016559	0.0135795	0.0249887	0.0213729	0.0145665	0.0246636	0.00858295	0.0249032	0.020778	0.0196644	0.0131977	0.0163695	0.025678	0.0254862	0.0214947	0.0210723	0.0153072	0.018916	0.0397786	0.0106814	0.0110349	0.0182044	0.0326411	0.0197034	0.0467953	0.0279848	0.028374	0.0139476	0.0253425	
0.0178783	0.0453836	0.0255257	0.0182958	0.0375591	0.0129577	0.0249404	0.00975727	0.0101817	0.015616	0.0213461	0.0157087	0.0109756	0.0171179	0.0234335	0.0372797	0.047797	0.0180025	0.0229978	0.0346388	0.0188682	0.0293344	0.0172321	0.0122157	0.016006	0.0242065	0.0211846	0.0343871	0.0151576	0.0242481	0.0123926	0.0160312	0.024535	0.0160402	0.0313683	0.0304474	0.0118504	0.0132639	0.0349946	0.0198775	0.0104394	0.0192003	0.0133119	0.0127128	0.014463	0.0142804	0.0137417	0.010816	
0.00765562	0.0180628	0.0115309	0.0205161	0.0167207	0.0225723	0.0187386	0.03713	0.0188025	0.0223236	0.0164033	0.0138241	0.0208155	0.0195378	0.0399919	0.0172738	0.036165	0.022012	0.0199366	0.0135146	0.0154107	0.0157077	0.0186848	0.0126316	0.0267069	0.0164251	0.0313336	0.0532173	0.0335194	0.0425897	0.027227	0.0151273	0.0173679	0.0487109	0.0102523	0.0335226	0.009735	0.0153867	0.0165747	0.0196238	0.0173526	0.00690597	0.0137246	0.0152871	0.0191596	0.010375	0.0150699	0.00884256	
0.0178242	0.0151299	0.0153206	0.0111363	0.0233969	0.0210342	0.0210871	0.014273	0.0130376	0.00969104	0.0162102	0.0160758	0.0129372	0.0163357	0.0180338	0.0188545	0.0182088	0.0305981	0.0183453	0.0213977	0.0224842	0.0179244	0.0469432	0.0359202	0.0173667	0.0253594	0.0212783	0.0127677	0.0169595	0.0109359	0.0448816	0.0181452	0.0154081	0.0200216	0.0216753	0.01775	0.0295526	0.0216229	0.0457519	0.0169943	0.0119148	0.0409252	0.0139991	0.0207747	0.0170735	0.0328657	0.0181238	0.015652	
0.00335066	0.00200093	0.000175974	0.00021218	0.000979834	0.000324218	0.000972642	0.00320525	0.000564286	0.00290428	0.00018452	0.00447831	0.036955	0.0369684	0.0458146	0.0354727	0.0400376	0.0442691	0.0374202	0.0389222	0.0382294	0.044016	0.0380026	0.0372521	0.0465357	0.0352875	0.0471414	0.0389899	0.0375628	0.0371699	0.0458495	0.0324719	0.0407207	0.0456544	0.0385042	0.0411827	0.0011019	0.000637608	0.00142515	0.00290626	0.000198413	0.00125558	0.00376518	0.00127101	0.00384968	0.000498179	0.00301685	0.00029031	
0.0139753	0.0210475	0.0275346	0.0125922	0.0285245	0.0137379	0.0226395	0.0309685	0.0297728	0.0320664	0.0218433	0.0378902	0.020559	0.0154929	0.00770183	0.0127199	0.0182459	0.0207558	0.0196411	0.0124743	0.01978	0.0279695	0.0162207	0.0260652	0.0063825	0.0144852	0.0171954	0.0254227	0.0218892	0.0198628	0.0274555	0.0602017	0.0290271	0.0264493	0.0245192	0.0117483	0.0148029	0.0242106	0.0117002	0.00531276	0.0425827	0.00389873	0.00881709	0.0125622	0.0250935	0.0264736	0.0214701	0.00821759	
0.00981136	0.0549139	0.00687452	0.0166006	0.00968165	0.0210299	0.00530663	0.0183303	0.0225255	0.00511706	0.0207097	0.00679156	0.0329137	0.012136	0.0325939	0.0135411	0.0538327	0.0113605	0.0264121	0.0125685	0.0142145	0.0179158	0.049132	0.0119558	0.0120234	0.0308622	0.0386248	0.0184571	0.0217064	0.0606431	0.0334923	0.0185616	0.028484	0.0374341	0.0140574	0.011889	0.0051136	0.00547866	0.00559006	0.0149987	0.00976241	0.0288336	0.0148904	0.0150039	0.0263589	0.0198232	0.0190768	0.0225649	
0.0222674	0.00892473	0.00808224	0.0172335	0.0205539	0.0137624	0.0155787	0.00946502	0.014949	0.00475055	0.0138482	0.012135	0.022093	0.0258412	0.0160837	0.021513	0.0226203	0.00941614	0.0117064	0.0273425	0.0318736	0.0262489	0.00306019	0.0130926	0.0287433	0.00481865	0.00691362	0.0202552	0.0298076	0.0135901	0.0184227	0.0296133	0.0144784	0.00631541	0.00595133	0.0125323	0.0159885	0.0216552	0.0357948	0.0422966	0.0271231	0.0250198	0.0388607	0.0313494	0.0792001	0.0215586	0.0379452	0.0393241	
0.00334718	0.00537554	0.00235356	0.00251246	0.00338838	0.00134892	0.0017799	0.00285417	0.0008056	0.00342821	0.00165387	0.00176323	0.0292563	0.0633589	0.0327915	0.0309389	0.0390103	0.023069	0.0378556	0.0389526	0.0472203	0.0341148	0.0412949	0.0381931	0.0353729	0.0325518	0.0473085	0.0323345	0.041885	0.0257752	0.038331	0.0445436	0.0418036	0.0386623	0.0355626	0.040668	0.00375604	0.00575959	0.00219598	0.00132889	0.00464907	0.00217	0.00461993	0.0078916	0.00419575	0.00408267	0.010872	0.00701228	
0.0210116	0.0273707	0.00852432	0.012273	0.0225975	0.0247133	0.00717988	0.0122655	0.0266969	0.0106408	0.00874048	0.0110808	0.0237537	0.0512742	0.0194116	0.0193131	0.0146076	0.0233594	0.00997144	0.018403	0.0309828	0.0233024	0.0277724	0.022009	0.0197408	0.0255678	0.026183	0.0183954	0.0206283	0.0285538	0.0145709	0.020891	0.0258092	0.0338102	0.0242187	0.0086971	0.0272908	0.0104908	0.0182106	0.0280485	0.0115223	0.0323073	0.0106236	0.0217101	0.02927	0.0350066	0.00836468	0.0228329	
0.00993844	0.00810899	0.0173093	0.00350857	0.00652715	0.0108684	0.0083088	0.00505729	0.00570396	0.00956365	0.00623239	0.00304986	0.00449808	0.00463491	0.00256505	0.00777997	0.0071155	0.013542	0.0102805	0.0100633	0.0127317	0.00403222	0.0164187	0.0295876	0.00635732	0.00388424	0.00325332	0.0058528	0.00937095	0.0078149	0.00485579	0.00653248	0.013316	0.00301463	0.0110083	0.00288349	0.0767254	0.0958063	0.0673688	0.120314	0.0692377	0.0654427	0.0200387	0.0536614	0.00429776	0.0642593	0.0281424	0.0391351	
0.00453433	0.03046	0.0108486	0.00876753	0.00490208	0.0156934	0.00814967	0.0181128	0.00763953	0.00718975	0.023812	0.0200029	0.0271873	0.0143016	0.0247174	0.0376699	0.0162154	0.0101222	0.0294357	0.0180321	0.0395406	0.0311289	0.026649	0.0252491	0.0393536	0.0251397	0.0179734	0.0302301	0.0213746	0.0143457	0.0198384	0.041947	0.0402955	0.0405478	0.0245439	0.0173031	0.0134273	0.0189642	0.0339573	0.018508	0.0133924	0.0139872	0.0197364	0.00992698	0.0151373	0.0156811	0.029451	0.00457585	
