0.0176377	0.0133807	0.0076509	0.00375288	0.0104139	0.0200699	0.0222419	0.0130868	0.0276817	0.00587099	0.0291167	0.00528434	0.00748963	0.0165025	0.0710265	0.0134489	0.00578374	0.0180607	0.0324431	0.0115416	0.0296181	0.028196	0.0147193	0.0193052	0.0140322	0.0326983	0.0305798	0.0568898	0.0320681	0.0147796	0.0103605	0.0143028	0.00782183	0.0515016	0.00746584	0.0150828	0.0268555	0.0139249	0.00964324	0.0164227	0.0181575	0.0190975	0.0152646	0.0173466	0.056001	0.0477582	0.0163804	0.011241	
0.0119292	0.0448659	0.0215028	0.0158084	0.0221719	0.03151	0.0104711	0.0366875	0.0191194	0.0216817	0.0183096	0.026615	0.0102164	0.0468563	0.0169491	0.0108306	0.0483423	0.03071	0.0253007	0.0277177	0.016899	0.0267211	0.0126199	0.0127851	0.0136432	0.0182228	0.0303273	0.0148123	0.0150329	0.0129706	0.0167998	0.0304751	0.016346	0.0199158	0.0499283	0.00674413	0.00498871	0.0188061	0.0149832	0.0203992	0.0131743	0.00579478	0.0198723	0.0201055	0.0185334	0.0180249	0.0241763	0.00930235	
0.00493386	0.0119383	0.0209008	0.0092496	0.0232304	0.00970349	0.0177568	0.0177628	0.0225968	0.0317181	0.00712378	0.00693895	0.0218697	0.0354103	0.0300819	0.0362608	0.023441	0.0134179	0.013022	0.0332546	0.0177622	0.0273796	0.0261582	0.0238918	0.0269525	0.0240565	0.0164106	0.018837	0.0159371	0.0285793	0.0137747	0.0567212	0.0133486	0.0181251	0.0302967	0.0260551	0.0286609	0.019867	0.0137399	0.0145387	0.0222291	0.0152725	0.0377941	0.00975605	0.0141131	0.00610738	0.024762	0.0182614	
0.0715582	0.0677075	0.0669813	0.0593829	0.0817027	0.0707125	0.0719209	0.0734577	0.0824662	0.071893	0.0742528	0.0652447	0.00195102	0.00175538	0.00076519	0.000956698	0.00524357	0.00819337	0.00300549	0.0123664	0.00607793	0.0061421	0.00113704	0.00721176	0.00972443	0.000648586	0.00133961	0.0013505	0.00570939	0.000726238	0.00132556	0.00594569	0.00063805	0.00143109	0.00941738	0.00415162	0.00469493	0.00504213	0.00490209	0.00509394	0.00319275	0.000710618	0.00343002	0.00220972	0.00648287	0.00567246	0.00199944	0.00207445	
0.00409844	0.00742528	0.019218	0.0131067	0.0144912	0.0200978	0.024123	0.0101578	0.0206826	0.0245998	0.0246517	0.00758262	0.0464841	0.016906	0.0190907	0.0286578	0.012596	0.0183169	0.0123513	0.0390917	0.03118	0.0284335	0.0401803	0.0226957	0.0132147	0.010666	0.0369229	0.0159526	0.02793	0.0181949	0.0344179	0.0340572	0.0120751	0.0102379	0.0982947	0.0264671	0.0109625	0.0135657	0.0081777	0.0186375	0.00973503	0.00906661	0.00776196	0.00647219	0.0139056	0.0145041	0.0149444	0.0276167	
0.00430056	0.00805012	0.00873469	0.00712309	0.00795385	0.00721754	0.00878991	0.00380582	0.00919249	0.011554	0.00337422	0.00832554	0.00424805	0.00274949	0.00114766	0.0105905	0.00184398	0.00170017	0.00091613	0.00907657	0.00387016	0.00231107	0.00853163	0.00113299	0.00662658	0.00154572	0.00254673	0.0178458	0.00511162	0.00509274	0.00299489	0.00649339	0.00383869	0.00504248	0.000613271	0.00469592	0.0609143	0.0340805	0.0695875	0.0120138	0.0554928	0.0580611	0.0867922	0.0735247	0.0914948	0.0831874	0.084665	0.0911978	
0.029713	0.0542104	0.0216007	0.0145795	0.00549432	0.0187813	0.0166047	0.00346115	0.0360198	0.00776288	0.0107503	0.0180613	0.0126873	0.027393	0.0179475	0.00651087	0.0329942	0.025871	0.0160403	0.0210285	0.013525	0.0289172	0.0221181	0.0216305	0.0215838	0.0354503	0.00880382	0.029176	0.0292822	0.0119792	0.0240469	0.0327307	0.0168701	0.0174157	0.0341059	0.0326715	0.0239556	0.0261595	0.0310878	0.00632486	0.00794257	0.00911028	0.00912735	0.0191052	0.0194392	0.0166864	0.01954	0.0337025	
0.0034698	0.00561816	0.0199597	0.0207062	0.00827173	0.0229052	0.0294037	0.00716766	0.0254374	0.00330778	0.00665912	0.00536866	0.0490348	0.013492	0.0157657	0.0194397	0.0371258	0.0307849	0.0658814	0.0317856	0.0306491	0.0194309	0.0369755	0.0181675	0.0139674	0.00982346	0.0144153	0.0405998	0.0107874	0.0139248	0.0266822	0.0417125	0.0273773	0.0160126	0.0224187	0.0334799	0.00449371	0.0141617	0.0118061	0.00876483	0.0152967	0.0159886	0.0031917	0.0534526	0.0158974	0.03455	0.00505716	0.01933	
0.0209413	0.00878484	0.0233366	0.0159507	0.00733836	0.0181151	0.0243092	0.0198859	0.010132	0.0379908	0.00823274	0.0167238	0.0322751	0.00808531	0.038091	0.0214119	0.0175929	0.0124979	0.029849	0.0161522	0.0135285	0.0220687	0.016343	0.0126386	0.0301308	0.00798221	0.0311262	0.0182206	0.0231321	0.0140786	0.0185192	0.0292717	0.0141069	0.0207261	0.0251031	0.0170319	0.0241966	0.0395338	0.0105558	0.0117106	0.021088	0.0271193	0.0231865	0.0493818	0.022664	0.0286412	0.0175009	0.0227168	
0.0210662	0.0439122	0.0261588	0.00639181	0.0375899	0.0122159	0.0243247	0.00844014	0.00777605	0.017899	0.0119795	0.0138763	0.0114024	0.0129622	0.024081	0.0439283	0.0472944	0.0151368	0.0221582	0.0285605	0.0239614	0.0371048	0.016445	0.0107561	0.0187049	0.0320172	0.0239787	0.0441786	0.0172573	0.0298031	0.0133863	0.0135309	0.0198592	0.0176277	0.0320636	0.0378279	0.00958473	0.0071763	0.0394156	0.0210124	0.00598345	0.0156672	0.0128384	0.0134118	0.0162848	0.0160293	0.00336038	0.0135788	
0.00752182	0.0120885	0.014661	0.0250114	0.020729	0.0216245	0.0122159	0.0357074	0.0162355	0.0248799	0.0192536	0.0156426	0.017439	0.0143421	0.028582	0.0173744	0.0469199	0.023805	0.0181919	0.0158179	0.011159	0.0155098	0.0204226	0.00833906	0.0305319	0.0178386	0.0310782	0.0631922	0.0333344	0.047799	0.0344068	0.0179101	0.021349	0.0460837	0.0107965	0.037685	0.00631126	0.0127267	0.0177166	0.0180731	0.0136891	0.00659975	0.00907443	0.00778001	0.0173516	0.0098471	0.0166828	0.00866851	
0.0182459	0.0166169	0.0147407	0.00888283	0.0218294	0.0260945	0.0149081	0.0154173	0.0147309	0.00729916	0.0181294	0.0157981	0.011404	0.0161619	0.0185392	0.0187979	0.0129835	0.0361293	0.0137506	0.0229442	0.0222773	0.0205292	0.0590124	0.0301611	0.0212041	0.0287951	0.0252246	0.0133099	0.0159383	0.00796869	0.0419763	0.0137388	0.0135865	0.0197417	0.0233994	0.018142	0.0346656	0.0256845	0.0404699	0.0203646	0.00903078	0.0314743	0.0128907	0.0245572	0.0135443	0.0356204	0.0192462	0.014042	
0.00394272	0.00265639	0.000178048	0.000215695	0.00112127	0.000417387	0.000957087	0.00424167	0.00075952	0.00347069	0.000200345	0.00586627	0.0355451	0.0379389	0.0459513	0.0356588	0.0408718	0.0446116	0.0391513	0.0378906	0.0364255	0.044691	0.0369707	0.0343762	0.0474345	0.0339604	0.0480644	0.0394069	0.0365966	0.0345191	0.0440349	0.0306339	0.0407244	0.0449153	0.0384737	0.0420606	0.000882612	0.000735694	0.00178042	0.00353445	0.000205857	0.00117316	0.00504664	0.00171491	0.00518445	0.000305773	0.0041295	0.000371814	
0.0147207	0.0273443	0.0317168	0.0151006	0.0199619	0.0137872	0.0234227	0.0335924	0.0298352	0.0294116	0.0218579	0.0451343	0.0233865	0.0164004	0.00640636	0.0144016	0.02282	0.0251348	0.0234906	0.00808118	0.0242857	0.0351086	0.00764147	0.0278658	0.00552922	0.015233	0.0202552	0.0199715	0.0201306	0.0191282	0.0311745	0.049151	0.027159	0.0336227	0.0221324	0.0129722	0.0147316	0.0257573	0.012974	0.0047315	0.0477483	0.00478436	0.00899306	0.00775318	0.018879	0.010603	0.0187612	0.00691534	
0.00927141	0.0416959	0.00470354	0.0165937	0.0115803	0.0243861	0.00604671	0.01631	0.0180029	0.00438608	0.0145434	0.00753419	0.031622	0.0150164	0.03551	0.013961	0.0586777	0.0124379	0.0271516	0.0118719	0.0121679	0.0205529	0.0531951	0.00977252	0.0111747	0.0360438	0.03819	0.023866	0.0258275	0.06576	0.0346795	0.0140877	0.0213902	0.0504337	0.0150174	0.013111	0.00521003	0.00567111	0.00585209	0.0139083	0.00881408	0.0262308	0.0111428	0.0155179	0.0238092	0.02112	0.0138165	0.0223346	
0.0220222	0.00937215	0.00682852	0.0185648	0.0169883	0.0103743	0.0108107	0.00953164	0.0134413	0.00209365	0.0117535	0.0146648	0.0249767	0.0189726	0.0166278	0.0184633	0.0201348	0.00679128	0.0145103	0.0286857	0.0281071	0.0264826	0.00371832	0.0160055	0.0332763	0.00318085	0.00432256	0.0210709	0.0302369	0.00700683	0.00950678	0.0288967	0.0181252	0.00698221	0.00366126	0.0139718	0.0198051	0.0261143	0.0456945	0.0533314	0.0331216	0.0229638	0.0454826	0.0404138	0.0800554	0.0127938	0.0319863	0.0380771	
0.00160044	0.00433239	0.00304612	0.00229961	0.00172365	0.00084425	0.00100929	0.00227344	0.000292365	0.00455062	0.00206655	0.000999888	0.0292413	0.0585727	0.0320688	0.031736	0.0437218	0.0279761	0.0329337	0.038577	0.0480454	0.0359077	0.0392412	0.0410266	0.0348971	0.0338938	0.0416968	0.0335638	0.0441194	0.0292584	0.0360582	0.0462219	0.041219	0.0347723	0.0359001	0.0428345	0.00381737	0.00584421	0.0021934	0.00132717	0.00620357	0.00246014	0.00621903	0.00657077	0.00508569	0.00304254	0.0118751	0.00683881	
0.0260688	0.0242712	0.00634805	0.00720114	0.0178202	0.025883	0.00805477	0.0108289	0.030236	0.0115066	0.010913	0.0087489	0.0219738	0.0522326	0.0194602	0.0250413	0.00930126	0.0243434	0.00749573	0.0181223	0.0300114	0.0257438	0.0296077	0.022827	0.0248239	0.0250282	0.0270601	0.0239273	0.0275811	0.0356874	0.0136691	0.0255876	0.0341358	0.0182709	0.0219624	0.0101789	0.0304319	0.00932195	0.0234978	0.0290514	0.00966585	0.0205338	0.00545948	0.0235432	0.0275589	0.0291466	0.00963945	0.0201958	
0.00933267	0.0108926	0.0171108	0.00368611	0.00605899	0.0103958	0.00796335	0.00157282	0.00428051	0.00752202	0.00826533	0.00380979	0.00453036	0.00602887	0.00241866	0.00847683	0.00865098	0.0135288	0.0100338	0.0101303	0.0135164	0.00390849	0.0139561	0.0287059	0.00703411	0.00276137	0.00242125	0.00511921	0.00746268	0.00992802	0.00633809	0.00793719	0.0175456	0.00165414	0.00688757	0.00193182	0.0718866	0.0935975	0.0626126	0.123269	0.0687644	0.0721576	0.0210328	0.0493194	0.00356834	0.0631938	0.0351563	0.0436447	
0.0040335	0.024823	0.0130695	0.00472554	0.00449654	0.0175778	0.00228009	0.0158053	0.00838078	0.00596236	0.0221015	0.0149896	0.0358793	0.0141223	0.03172	0.0321872	0.0129308	0.00828206	0.0378163	0.0128892	0.0490252	0.0311844	0.0205217	0.0334171	0.0345506	0.031213	0.0228482	0.0337642	0.0284734	0.017853	0.00844843	0.0461894	0.0434369	0.0470709	0.0222267	0.00979428	0.0105231	0.0204293	0.0288561	0.0178775	0.00715895	0.0181311	0.0233552	0.00609988	0.0100416	0.019639	0.0297066	0.00409164	
