0.0224262	0.0155728	0.00637575	0.00615969	0.0117105	0.0204274	0.0185349	0.014015	0.0295853	0.00792478	0.0254179	0.00716305	0.00861968	0.018825	0.0591887	0.0143503	0.00816603	0.0190118	0.031122	0.0126503	0.0272483	0.0274368	0.0131159	0.0239646	0.0116935	0.0296007	0.0254832	0.0474081	0.0267234	0.0148808	0.0125337	0.013579	0.0130194	0.0568728	0.0102053	0.0156013	0.0329251	0.0148657	0.0081662	0.0167179	0.0214678	0.0195859	0.0127205	0.018747	0.0466675	0.0463276	0.0166827	0.0185125	
0.0214446	0.0400128	0.017919	0.0166726	0.0184766	0.0304042	0.00939013	0.0331975	0.0235122	0.0180681	0.0178825	0.0264902	0.01079	0.0473174	0.0141243	0.013722	0.0402853	0.0255917	0.0237084	0.0251653	0.0181199	0.0369689	0.0133145	0.0131413	0.0113693	0.0191421	0.0269224	0.0137145	0.0145567	0.0108089	0.0153983	0.0305912	0.0196294	0.0165965	0.0497241	0.00824464	0.00415726	0.0182963	0.0151105	0.0211392	0.0125499	0.00530172	0.0257574	0.0267316	0.0231064	0.0233956	0.0201469	0.0118898	
0.00690109	0.0183084	0.0201449	0.007708	0.0215546	0.0177669	0.0147973	0.0148023	0.0206009	0.0292213	0.00870551	0.008572	0.032311	0.0407393	0.0308477	0.0330069	0.0226786	0.01572	0.0136412	0.029823	0.0148018	0.0268922	0.0241911	0.025633	0.0292788	0.0237891	0.0136755	0.0156975	0.017043	0.0262185	0.0142685	0.0499571	0.0139134	0.0151043	0.0293217	0.0217126	0.0252421	0.0237611	0.0114499	0.0181566	0.0185243	0.0139138	0.0380837	0.0117094	0.0143072	0.00781403	0.0234246	0.024264	
0.0699321	0.069085	0.0671737	0.0608783	0.0862225	0.0710344	0.0741586	0.0740355	0.0857299	0.0728711	0.0737918	0.0653249	0.0017023	0.0015554	0.000748774	0.000949445	0.00454653	0.00750151	0.00270208	0.0111941	0.00526737	0.00522469	0.00120778	0.00716365	0.00908167	0.000690067	0.00126913	0.00112542	0.004881	0.000758175	0.00110463	0.00531037	0.00053752	0.00181177	0.00794275	0.00374355	0.00468235	0.0048327	0.00443805	0.00467956	0.00267445	0.000896952	0.00294434	0.00222991	0.00547884	0.00500683	0.00197887	0.00189973	
0.00389965	0.00673274	0.0211096	0.0124361	0.0122222	0.0248527	0.0201025	0.0115308	0.0172355	0.0241858	0.0220464	0.0106646	0.0402401	0.0168642	0.0174123	0.0251725	0.0126706	0.0196393	0.0117961	0.0451322	0.0278572	0.0269827	0.0385681	0.0230692	0.0122643	0.0117143	0.0351537	0.0179204	0.0305151	0.0166658	0.0351654	0.0298844	0.0136957	0.0122573	0.0918499	0.0317739	0.0116123	0.0160637	0.00831812	0.0170346	0.0129925	0.0111117	0.00747315	0.00577968	0.0140932	0.0174107	0.0163635	0.0304635	
0.00395251	0.00671512	0.00727891	0.00621583	0.00699174	0.00618912	0.00743152	0.00363376	0.00766041	0.00976883	0.00301067	0.00800811	0.00354005	0.00229124	0.00108582	0.00907425	0.00214663	0.0015313	0.000763441	0.00814908	0.00343028	0.00242918	0.00710969	0.000944159	0.00594702	0.0018384	0.00276097	0.0149731	0.00472051	0.00508905	0.00276808	0.00574385	0.0031989	0.00434974	0.000776315	0.00391326	0.0642184	0.0388906	0.0733919	0.0147747	0.0605692	0.0588991	0.0876524	0.0733947	0.0923656	0.0830788	0.0861182	0.0912154	
0.0286079	0.0451753	0.0222369	0.014971	0.00834842	0.018746	0.0141914	0.00624895	0.0391598	0.0110077	0.0127815	0.0150511	0.0105728	0.0256488	0.0202714	0.00824711	0.0287127	0.0215592	0.0161883	0.0177644	0.0142182	0.0282582	0.0184317	0.0208468	0.0190773	0.0353441	0.00965091	0.0319502	0.0262835	0.0199645	0.0200391	0.0305729	0.0149363	0.0167496	0.0350549	0.0403799	0.0227844	0.0276934	0.03966	0.00712813	0.012541	0.00967101	0.00760613	0.0179536	0.0192652	0.0167267	0.0162833	0.0354382	
0.00476389	0.00655419	0.0186313	0.0239973	0.0135749	0.0242281	0.0384819	0.00784544	0.0244732	0.00462887	0.00668114	0.00634628	0.0443533	0.0129977	0.0150105	0.0257965	0.0361893	0.0305749	0.0549012	0.0284285	0.036524	0.0180648	0.0398539	0.0174606	0.012463	0.0118691	0.0177299	0.0366822	0.010416	0.0148249	0.0251948	0.0373151	0.0243988	0.0164378	0.0205546	0.0304671	0.00561715	0.0140633	0.011309	0.00996155	0.0127472	0.0161389	0.00453214	0.0515202	0.0154175	0.0356197	0.00824997	0.0161083	
0.0181638	0.0155044	0.0194472	0.0289421	0.0164613	0.016582	0.0202577	0.0174365	0.010163	0.0405181	0.00930356	0.0172247	0.0284061	0.00833668	0.0317425	0.0211543	0.0253881	0.0104149	0.0291656	0.0147861	0.0158427	0.028597	0.017676	0.0152184	0.025109	0.0100134	0.0290537	0.0214487	0.0192767	0.0117322	0.0154327	0.0299576	0.014871	0.019001	0.0209192	0.0141932	0.0205259	0.0357306	0.00879653	0.0128741	0.0175733	0.0270574	0.0193221	0.0545945	0.0220019	0.0279441	0.0162722	0.0295663	
0.0175552	0.0444936	0.0297799	0.0106027	0.0369534	0.0112131	0.0212042	0.0113835	0.00909618	0.0149159	0.0221885	0.0162204	0.00950201	0.0126298	0.0273391	0.0382149	0.04412	0.0157081	0.0238124	0.0327188	0.0220129	0.0309207	0.0201041	0.0142516	0.0186737	0.0272843	0.0226448	0.0368155	0.0143811	0.0264602	0.0111552	0.0149428	0.0191654	0.0173059	0.0295542	0.0348035	0.0122289	0.0154745	0.040827	0.020684	0.00760235	0.0146363	0.0147819	0.0148316	0.0135707	0.0133577	0.00925902	0.0126186	
0.00893155	0.0210732	0.0125243	0.0208429	0.0182439	0.0233563	0.0172973	0.038725	0.0167104	0.021926	0.0160447	0.0130355	0.0172559	0.0227941	0.0345744	0.0172021	0.0390999	0.0224981	0.0180585	0.0157671	0.0120227	0.0153852	0.0176957	0.00953232	0.0285085	0.017589	0.0365559	0.0543474	0.0296832	0.0432029	0.0286723	0.0176485	0.0202625	0.0418719	0.0107112	0.0391097	0.00798285	0.0143878	0.0193371	0.0228944	0.0161211	0.0059806	0.0102855	0.011923	0.0165931	0.0109294	0.0175815	0.00722376	
0.0152049	0.0176516	0.0122839	0.00740236	0.0272964	0.0245399	0.0152557	0.0166518	0.0149046	0.00776619	0.018912	0.0131651	0.00950337	0.0134683	0.0154493	0.019469	0.0146237	0.0301078	0.0214028	0.024964	0.0262315	0.0209118	0.049177	0.0283744	0.0199993	0.0239959	0.0248246	0.0148957	0.0189624	0.0104447	0.0387843	0.0126069	0.0179761	0.0233585	0.0243039	0.0151183	0.028888	0.0252268	0.0533773	0.0198267	0.0120524	0.0345013	0.0107423	0.0242372	0.0145287	0.0314357	0.0211444	0.0140512	
0.00353441	0.00224262	0.000205303	0.000236613	0.00107056	0.000378254	0.000961395	0.00362165	0.000640906	0.0030945	0.000215273	0.00515512	0.0359623	0.0370017	0.0462817	0.035367	0.0403136	0.0441826	0.0382001	0.038645	0.0380698	0.0440176	0.0373827	0.0358343	0.0469934	0.0346337	0.0476505	0.0392159	0.0369968	0.0359969	0.0445256	0.031693	0.0414786	0.0456775	0.0385625	0.0417532	0.000986541	0.000679832	0.00156026	0.00312841	0.00022448	0.00122995	0.00431761	0.00145027	0.00444867	0.000380349	0.00346243	0.000338695	
0.0134722	0.0241286	0.0321237	0.0126495	0.0256035	0.0130979	0.0213538	0.0314491	0.0347349	0.0292638	0.0254838	0.0442053	0.02247	0.0159741	0.00717356	0.0120013	0.0208516	0.0242151	0.0215765	0.00856924	0.0202381	0.031221	0.00820282	0.0240927	0.00460768	0.0145523	0.0187143	0.0249716	0.0209028	0.0231733	0.0278137	0.0587171	0.0266538	0.0280189	0.0237932	0.0117729	0.01727	0.0232993	0.0108116	0.00577785	0.0450083	0.0045438	0.0102866	0.0121857	0.0214598	0.0150344	0.0188812	0.00759771	
0.00828713	0.050137	0.00546989	0.0178863	0.00965026	0.0226249	0.00590377	0.0195548	0.0193196	0.00494555	0.0206592	0.00627849	0.0351641	0.0125137	0.0308822	0.0129909	0.0563377	0.0116554	0.0308141	0.0118253	0.0138675	0.0185532	0.0533506	0.0108712	0.010975	0.0317518	0.0384845	0.0198883	0.0222384	0.0657114	0.0390744	0.0137089	0.022781	0.0420281	0.0138776	0.0114708	0.00596586	0.00580585	0.00487674	0.0128807	0.00844722	0.0266205	0.016253	0.0140816	0.0246223	0.02225	0.0153345	0.0213289	
0.0249263	0.00903708	0.00691739	0.0193783	0.0203735	0.01183	0.0120687	0.0102381	0.0141971	0.00297167	0.014223	0.0122207	0.0243495	0.0219529	0.0168886	0.0163162	0.0216424	0.00859985	0.0124725	0.0318995	0.0275578	0.0265932	0.00357022	0.0133379	0.0335338	0.00421037	0.00482909	0.0195263	0.030698	0.00888763	0.0134687	0.0278039	0.0168914	0.00595088	0.00533518	0.0136402	0.0177312	0.0252644	0.0392617	0.0452661	0.0298113	0.0226637	0.0453375	0.0344002	0.0853859	0.015964	0.0333993	0.0371768	
0.00232052	0.00515755	0.00253843	0.0029312	0.0023289	0.00101373	0.0015278	0.00255332	0.000413831	0.00379219	0.00172213	0.00118719	0.0281048	0.0636667	0.0319707	0.0312275	0.0421644	0.0256121	0.034005	0.038191	0.0481904	0.0342286	0.0400247	0.0395222	0.0358366	0.0330243	0.0453818	0.0333949	0.0429679	0.0278889	0.0369708	0.0467113	0.0409212	0.0363609	0.0359421	0.0421524	0.00393107	0.00605853	0.00199803	0.00127617	0.00528749	0.00219091	0.00518253	0.00649633	0.00454733	0.00328726	0.011196	0.00660037	
0.0227141	0.0266006	0.00737102	0.00821798	0.0211462	0.0253875	0.00671231	0.0115894	0.0286375	0.0124143	0.00921166	0.00990651	0.0238772	0.0532737	0.0186181	0.0208677	0.0130972	0.0219428	0.00928179	0.0212279	0.0313109	0.0226755	0.0269837	0.021984	0.0214266	0.0298291	0.0305468	0.0214613	0.0240664	0.0312104	0.0129998	0.0243729	0.0284465	0.0261923	0.0224959	0.0084824	0.0288296	0.0122393	0.0195815	0.0285755	0.010318	0.022356	0.00574303	0.0242833	0.0295031	0.0331254	0.0097588	0.0191064	
0.00961098	0.00907714	0.0162514	0.00342024	0.00692003	0.0103121	0.00930627	0.00343834	0.00621002	0.0101247	0.00688778	0.00317482	0.0044623	0.00502406	0.00252836	0.00770705	0.00830141	0.0126623	0.0109005	0.0100818	0.0134412	0.00362577	0.0147682	0.028697	0.00632249	0.00267058	0.00234254	0.00600886	0.00780159	0.0089037	0.00528174	0.00694277	0.0155353	0.00192666	0.0085335	0.00224748	0.078815	0.0926311	0.0648673	0.122212	0.0697832	0.0688828	0.0205335	0.0518533	0.00328011	0.063152	0.0310128	0.0415255	
0.00336125	0.0261205	0.0116913	0.0056181	0.00383137	0.0162856	0.00455121	0.0183221	0.00698398	0.00617777	0.0277807	0.0161073	0.0307118	0.0124772	0.028837	0.031586	0.0149624	0.00977613	0.0343416	0.0153825	0.0457251	0.0329538	0.0200294	0.0294573	0.0362874	0.0268076	0.0190402	0.0314935	0.024937	0.0167366	0.0117549	0.0489382	0.0412887	0.0441805	0.0218737	0.0114111	0.0145764	0.022125	0.0295368	0.0186671	0.0117036	0.0163184	0.0226149	0.00851539	0.0139868	0.0163658	0.0343595	0.0034097	
