0.00840179	0.0200454	0.0157102	0.0043759	0.00920263	0.000344475	0.000852464	0.000682641	0.00320053	0.000506624	0.0198507	0.00891004	0.0020045	0.00585025	0.00208915	0.00257346	0.013336	0.00147746	0.00247092	0.00149968	0.000982913	0.0228518	0.000421314	0.00162026	0.0187346	0.000296753	0.0189077	0.0183812	0.0407581	0.00605277	0.0154542	0.00338328	0.0132946	0.00679398	0.00866793	0.0071502	0.00990321	0.000444298	0.000124989	0.00110254	0.00153772	0.00745223	0.0128879	0.00230421	0.00867781	
0.00369676	0.000340361	0.00256358	0.00860341	0.00100485	0.0025326	0.00217645	0.011818	0.00248349	0.00191155	0.00314193	0.00052386	0.00373467	0.0142174	0.00083366	0.00195196	0.00117848	0.000788349	0.00535625	0.00551139	0.00996685	0.00153627	0.00351925	0.000474072	0.0013002	0.0010178	0.00517247	0.019229	0.00856294	0.00182009	0.000596486	0.00809286	0.00149037	0.0328307	0.00298145	0.000165059	0.000694191	0.00181985	0.00472219	0.00115768	0.00189232	0.00222315	0.00118604	0.00912402	0.000950468	
0.0103948	0.013792	0.0091366	0.0155931	0.005882	0.00350662	0.00476987	0.00253484	0.00611455	0.0242388	0.0169755	0.0722489	0.0716114	0.0327719	0.0196116	0.0173243	0.0270051	0.0398533	0.00820291	0.0220106	0.00243218	0.00436944	0.0271211	0.00631797	0.00712492	0.00138707	0.0103252	0.00473366	0.012101	0.0153268	0.0146512	0.0331362	0.0457691	0.027432	0.009921	0.0364234	0.0210394	0.0101077	0.0438995	0.00720264	0.00676852	0.0188812	0.0297025	0.0576238	0.0184894	
58.1561	58.6798	58.9693	58.4611	59.0266	57.4784	58.6573	57.8682	59.1176	58.2096	59.5617	0.0630991	0.0691131	0.0586959	0.0610278	0.0600591	0.0786514	0.0722883	0.0718582	0.0304173	0.101792	0.0499359	0.0550375	0.0706671	0.0734484	0.0585396	0.0336672	0.0756171	0.142285	0.041001	0.0707091	0.0575763	0.0660153	0.0536137	0.0674821	0.072833	0.0324221	0.0647818	0.054222	0.0755722	0.0370953	0.05741	0.0800047	0.0669191	0.103823	
1.12405e-05	0.000832408	0.000265434	0.000100961	6.01757e-06	0.00265845	0.000371463	0.000279735	0.00688334	0.00243357	0.00185161	0.0126425	0.00146585	0.0465299	0.0892557	0.00384047	0.00181492	0.0244023	0.00213498	0.00127286	0.000494395	0.000610661	0.00134514	0.000237654	0.000226187	0.00714256	0.00132981	7.80128e-05	3.8921e-05	0.00595132	0.000693613	1.79519e-05	5.19901e-05	0.00617762	5.32178e-06	0.000574659	0.00382052	6.16072e-05	0.00195276	2.86515e-06	2.98728e-05	8.06131e-06	0.00233216	6.38611e-05	0.00195517	
0.13927	0.13393	0.165081	0.121343	0.0706415	0.0801145	0.094651	0.138208	0.128631	0.114967	0.135849	0.154848	0.105193	0.0728518	0.117438	0.147829	0.167106	0.183031	0.100272	0.128816	0.111617	0.106111	0.110681	0.134402	0.155127	0.149071	0.164683	0.161809	0.136262	0.125519	0.178138	0.158385	0.150473	0.13999	58.3608	60.1037	58.8565	58.3562	59.3147	58.4114	59.1307	58.5142	58.5863	57.6533	59.2333	
0.000431351	0.00212571	2.35131e-05	0.00261101	0.000418275	0.0354643	0.000192708	0.00290017	3.46543e-05	0.0012871	0.00418275	0.00215972	0.00233604	0.000461853	0.00363989	0.00243061	0.00108238	0.000115954	0.0259917	0.000929486	1.32726e-05	0.00243562	0.00289288	0.0113361	1.9363e-05	0.00219718	0.0174845	0.000103164	0.000229318	0.000879476	0.000115717	0.0275933	0.00109699	0.000385885	0.0286165	0.000189548	0.00151654	6.01066e-05	0.00259186	0.00164374	2.10773e-05	0.00150754	0.000858137	0.00730392	0.0133163	
0.000646689	0.020389	0.000510965	0.00603884	0.000867878	9.90262e-05	0.00622301	0.00859328	0.0168926	0.00264077	0.0193485	0.00659216	0.0191301	0.00326845	0.00390528	0.00257783	0.00470087	0.0306013	0.00199904	0.00379501	0.0101548	0.00326613	0.00991549	0.00469586	0.0153888	0.0687604	0.00408609	0.00526216	0.0163519	0.00254995	0.0134347	0.000606987	0.0104553	0.000990142	0.00061613	0.0104646	0.00306247	0.0248471	0.00776432	0.00904845	0.0154012	0.0024142	0.00138888	0.0036431	0.0021327	
1.90397e-05	0.00684157	0.00352845	0.00398653	0.00010843	0.00513898	0.000280294	0.0022329	0.00196753	0.00178247	0.00524519	0.00166814	0.000259757	0.00107712	0.00131422	0.00303947	0.00600365	0.0083959	0.00231541	0.00632283	0.00381787	0.000138666	0.0017786	0.0535547	0.081226	0.0250047	3.83885e-05	4.31154e-06	0.0107057	0.000659588	0.00326525	0.000138016	0.000335752	0.00102864	0.00038988	0.00133874	0.000106893	0.152636	0.00426911	7.70961e-06	0.00139378	2.22234e-05	0.0015834	0.000397729	0.000397407	
0.000234239	0.0204802	0.00102811	0.000221668	0.033871	0.000222862	0.000101264	0.00917089	0.00134591	6.56538e-05	0.000888108	0.0100626	0.0151073	0.000169227	0.00429401	0.0109451	0.00187902	0.0688559	0.00132899	0.000705736	0.000181808	4.23694e-05	0.00256283	1.9145e-07	0.000281523	0.00102206	4.77265e-05	0.0166493	0.0141897	0.000161399	0.00110674	0.0172341	0.0239951	0.00150263	0.00118528	0.00136207	0.000618027	0.00168226	0.000602564	4.89378e-05	0.000869258	0.0346852	0.00882906	0.000106388	0.000312193	
0.00624946	0.00246341	0.000638511	0.00265979	0.00125691	0.00567448	0.00332206	0.010747	0.00460427	0.0474304	0.00665741	0.00232978	0.003395	0.054343	0.00887077	0.00510946	0.00208097	0.000310074	0.00375777	0.0052943	0.00231113	0.00819256	0.000324736	0.00528182	0.00430848	0.00502903	0.00168878	0.000804931	0.00774094	0.0253035	0.0109631	0.0204162	0.0349321	0.00453316	0.0425055	0.0167476	0.0107174	0.00256146	0.00205196	0.000536991	0.0114642	0.00321624	0.0144353	0.0280855	0.0152333	
0.00931332	0.00448124	0.0248391	0.00433756	0.00339086	0.00815073	0.0015199	0.00114427	0.0148619	0.000203532	0.00959219	0.00600674	0.0103868	0.0180371	0.00504732	0.00180425	0.0014292	0.00505773	0.000236587	0.00053992	0.00142527	0.000890918	0.00836599	0.000452675	0.00743832	0.00356298	0.00473085	0.00348424	0.0146763	0.00432284	2.44105e-05	0.00192164	0.00118624	0.00594837	0.0133732	0.00317323	0.0219052	0.0041509	0.0120747	0.00102478	0.00189755	0.00396912	0.00410748	0.000614785	0.0209773	
0.192924	0.212812	0.185858	0.161025	0.258417	0.210359	0.162994	0.211533	0.21643	0.168192	0.145503	118.373	118.701	118.422	118.76	119.663	118.576	118.581	119.52	119.419	117.933	118.342	117.379	118.407	117.359	118.965	118.522	118.731	118.903	118.752	116.987	118.797	119.622	117.775	0.194823	0.172546	0.206481	0.206368	0.220334	0.299678	0.207725	0.180858	0.203147	0.232255	0.154343	
0.000121473	2.57421e-06	2.44183e-09	1.87855e-06	7.12287e-07	0.0148749	7.05187e-12	4.61988e-11	5.45157e-10	0.000471453	5.53007e-06	4.29728e-11	2.00733e-05	0.000592797	9.22345e-09	7.21533e-05	2.35285e-10	3.24186e-06	0.000125835	0.00270905	0.000350079	1.84727e-08	5.64219e-10	0.000138194	0.00577775	4.18561e-05	2.60028e-06	3.37783e-06	0.0229046	0.0830824	0.00187886	0.00125424	3.31874e-09	3.18129e-06	4.83248e-05	6.97608e-08	5.33988e-07	0.000249955	5.03713e-05	7.24589e-05	3.20599e-09	0.00251209	0.00877482	0.00520224	4.61988e-14	
0.00387169	3.57202e-06	5.06305e-06	0.000651188	0.00584291	0.000354879	0.000603924	0.00250121	7.2831e-05	1.72403e-09	1.05506e-05	0.00812643	0.000591236	0.000354395	9.43666e-05	0.00202622	0.00010132	0.00113954	0.017069	0.00722814	0.000654476	0.000213582	0.000760447	0.0436037	0.000230778	5.09732e-08	0.000147717	0.00130847	0.00140796	0.0117289	0.00188068	0.00450377	0.00237038	7.13204e-05	0.000104549	0.000137092	0.0332819	0.00154983	3.25212e-05	0.000306056	6.86182e-05	5.00345e-06	0.00191801	5.86778e-05	0.0068538	
0.0110909	0.0065741	0.0083046	0.00340417	0.00688998	0.0562453	0.0241785	0.00278833	0.00314028	0.00167053	0.00539252	0.000614733	0.000913917	0.00689212	0.00608181	0.00282714	0.00338605	0.00245506	0.00280487	0.00377812	0.0147094	0.00710742	0.00340393	0.00374678	0.000829121	0.0180869	0.00469951	0.0159936	0.00446561	0.002284	0.0219756	0.00621134	0.0149597	0.00922551	0.00383999	0.00407585	0.0115435	0.00238986	6.61735e-06	0.0120489	0.00796583	0.00382813	0.00195913	0.00955779	0.0247722	
0.0188477	0.075979	0.0271147	0.0247627	0.0281743	0.0246285	0.015033	0.0320002	0.0250423	0.0144121	0.0192226	0.0623688	0.59501	0.878728	0.0713778	0.0501987	0.061054	0.0480145	0.0600834	0.133223	0.0409476	0.0663879	0.0350315	0.0810023	0.12257	0.259503	0.0477996	0.0563351	0.0125107	0.078082	1.09072	0.0133371	0.103481	0.00979654	0.030422	0.0402284	0.0190884	0.00695198	0.0083644	0.0218616	0.0258091	0.0313079	0.0181905	0.0292155	0.0344406	
0.00765586	0.00481702	0.0243327	0.00365173	0.0063464	1.65465e-05	0.000627713	0.000704209	0.00255016	0.006487	0.00325349	0.00549828	0.00655117	0.000177094	0.0331085	0.00146961	0.000979168	0.00104888	0.00425456	0.00629103	0.0575656	0.00102193	0.133424	0.00812606	0.00355139	0.000645912	0.00323697	0.0133693	0.00596241	0.0317322	0.00456704	0.00902554	0.0143482	0.0241781	0.00677403	0.0121548	0.000227371	0.0239028	0.00267454	0.0176575	1.76304e-05	7.19712e-05	0.00457122	0.00601067	0.00122273	
0.0253001	0.00283441	0.0100396	0.0138972	0.00289179	0.0170386	0.00377016	0.0176326	0.00327807	0.00198472	0.00217182	0.00182615	0.0249424	0.00398369	0.00784314	0.00762696	0.0101586	0.00131507	0.000908424	0.000612279	0.0272142	0.00108324	0.00172798	0.0024474	0.0182906	0.0156636	0.00287188	0.0365374	0.00257968	0.00469582	0.0209045	0.0044124	0.00666705	0.0230452	0.0269321	0.00674108	0.0300387	0.00627701	0.00257812	0.0212111	0.0501825	0.00786575	0.0251555	0.0105491	0.00638793	
0.0239763	0.00251285	0.00333286	0.0101501	0.00568385	0.00211125	0.0146048	0.0101709	0.00362472	0.0658955	0.0131357	0.00431035	0.00216911	0.177196	0.013265	0.0105847	0.00973211	0.0134129	0.00771948	0.0306257	0.0242003	0.00645397	0.0178245	0.00861754	0.00158907	0.0142675	0.00373371	0.00805104	0.00413559	0.0508397	0.00385436	0.00184304	0.00281822	0.0337682	0.0385898	0.0127643	0.00968444	0.0113351	0.0044665	0.00363213	0.00912134	0.0051735	0.000226303	0.00935183	0.0032327	
