4.32781e-06	0.0132158	0.00693935	0.00102878	0.0043089	0.000140149	0.00399508	0.00138662	0.00342827	0.00724229	0.00563785	0.00475589	0.00356422	0.000278678	0.00468796	0.0013252	0.0113637	0.00137022	9.88952e-06	0.000350385	0.000733718	0.000199973	0.00251078	8.01328e-05	0.000582738	0.00117403	0.00334381	0.00109611	0.00816059	0.000303433	0.00441358	0.0105766	0.000142129	0.00453983	0.000554284	0.000840296	0.000492206	8.24945e-05	2.97373e-05	0.0035276	0.000228005	
0.000194588	0.00496777	0.000950816	0.0108357	1.38632e-05	7.89261e-06	6.42288e-05	2.63573e-05	0.000370916	0.00266479	0.00288745	2.79524e-05	0.0086832	3.33539e-05	0.00508155	0.00776225	0.0115923	0.000507844	0.0101993	0.00564115	0.00335293	0.00223541	0.00144745	4.01265e-05	0.00298148	0.000369133	0.000353717	0.0014615	0.000112202	0.00210501	7.82624e-05	5.82696e-05	0.00225355	0.00744883	0.00256528	0.0017317	3.25978e-05	8.65551e-05	0.00518926	0.0009153	0.0133329	
0.00197932	0.00414886	0.00946887	0.00410333	0.00762187	0.00696744	0.00402621	0.00828949	0.00512386	0.00763889	0.00417796	0.00589329	0.00859537	0.0275805	0.0211814	0.011541	0.00139643	0.0116689	0.024839	0.0458773	0.0422542	0.0457506	0.00628092	0.0184563	0.00377977	0.0154461	0.0352399	0.0130477	0.0115285	0.00836783	0.0519124	0.0296092	0.00882384	0.0202951	0.0146158	0.0564573	0.00353153	0.00289827	0.0571444	0.0435054	0.000899547	
59.3619	58.2117	58.5905	57.7115	58.2438	59.1442	58.98	59.0635	58.8253	59.07	0.0721826	0.124008	0.0713627	0.0993158	0.086384	0.0568674	0.102733	0.0604642	0.10965	0.0816361	0.0718088	0.0736755	0.0965249	0.081599	0.103005	0.0562947	0.0557745	0.101088	0.0806906	0.0931481	0.115863	0.0543774	0.0910366	0.0518496	0.0724942	0.062745	0.0760951	0.0585902	0.0953349	0.049996	0.0442457	
0.00437455	0.00174193	0.000381735	1.23657e-05	0.00211713	0.00166426	0.00797149	8.20912e-05	0.0006462	0.00406231	0.00583505	0.00232505	0.00500078	0.0449604	0.00227276	3.16787e-06	0.0312937	0.00173541	0.00321408	0.00161474	0.00773033	7.15095e-06	0.00797337	1.06043e-05	0.00153281	0.00136454	0.00121236	0.00153039	0.000576326	0.00261134	0.00199788	4.45954e-05	0.00149627	0.0146407	0.00163839	0.0161744	0.001642	0.000607835	0.00368106	0.000155323	0.000854275	
0.0986892	0.123414	0.0849421	0.128634	0.0976772	0.101621	0.0979597	0.108946	0.0575244	0.119749	0.112777	0.0919444	0.176835	0.135055	0.148106	0.116987	0.0733977	0.0927688	0.0875517	0.0905109	0.119283	0.13347	0.145682	0.119268	0.094271	0.147801	0.11049	0.107654	0.1369	0.109409	0.10627	59.2228	58.2438	58.2987	58.7426	58.7692	59.1779	58.0339	58.2909	58.5264	58.383	
0.0334664	0.00681555	0.0023734	0.00172449	0.00124932	0.0342723	0.00365125	0.000287116	3.73986e-06	0.0448616	0.0531665	0.000669173	0.00101228	0.0121625	0.000497379	0.00497413	0.00387218	0.00117778	0.00235079	0.00441959	0.00593396	0.000533241	0.00112206	0.00577014	0.00960583	0.0463777	0.0040354	0.00586818	0.00591647	0.00498662	0.00193417	0.0035358	0.00023971	0.006108	0.00113285	0.000325579	0.00458793	0.0318356	0.00227595	0.00126307	0.000196504	
0.00687781	0.0175868	0.00156056	2.13157e-05	0.00132228	0.000787917	0.00159937	0.00177762	0.000349739	0.00519158	0.00220417	0.00606714	0.000342206	0.00145104	0.000253892	0.00532947	0.00107604	0.0133651	8.39242e-05	1.63302e-05	0.00157996	0.00119731	0.0194894	0.000645781	6.63151e-06	0.00166917	0.0044439	1.80699e-05	0.00830492	0.000619811	0.00303194	0.00156717	0.000322474	0.00998373	0.00155408	0.00479935	0.000535576	0.00259879	0.0167074	0.00075824	5.72279e-07	
0.00119648	0.00221825	1.64928e-05	0.00128844	0.00154398	0.00927235	0.00255841	0.00226651	0.00171191	3.51354e-06	0.00241449	0.220044	0.00530085	0.00721885	0.00263101	0.00748849	0.00284372	0.0280274	0.000850739	0.000205124	0.00312924	0.0521304	0.00429901	0.0138693	0.00160553	0.00092541	0.00204024	0.109945	0.00443075	0.00361616	0.000624654	0.00152987	0.00147996	0.00940104	0.00376289	0.0128517	0.00207047	0.00474021	0.00460522	0.00159408	0.003743	
1.47319e-05	1.65785e-08	0.00141417	2.01832e-05	5.739e-09	3.08433e-08	2.94513e-09	8.10234e-07	4.02732e-14	2.53857e-05	7.67265e-05	6.03983e-12	0.000305099	1.86217e-07	5.06561e-15	1.47467e-13	1e-15	0.000150088	7.39955e-14	5.50215e-08	1.0687e-15	0.000568721	6.48975e-08	9.77908e-05	1.71929e-11	1.8694e-05	2.68947e-15	1.90878e-13	1.66868e-11	9.77613e-06	1.39739e-07	1.54912e-15	0.000464432	1.02259e-15	2.40981e-08	1.65616e-12	0.000450836	1.13583e-08	6.33856e-07	8.91825e-07	4.11352e-11	
0.0190944	0.0242835	0.00512456	0.0111752	0.00207723	0.00912556	0.0364232	0.0402919	0.0531788	0.0131243	0.0296967	0.00202064	0.00528321	0.000231793	0.0404895	0.00901327	0.0128434	0.0121445	0.0349744	0.019757	0.00957396	0.0135623	0.00924434	0.0328518	0.0106689	0.00279089	0.0375647	0.0380276	0.00229062	0.0154622	0.00273688	0.0145348	0.0139109	0.00600084	0.0161074	0.0365046	0.00253706	0.0114539	0.0103041	0.00440469	0.0078567	
5.14881e-12	0.000436418	0.000191827	0.00217444	0.0021605	7.07004e-06	2.67054e-12	0.00134697	0.0173295	1.06243e-07	1e-15	0.0109511	4.19164e-08	2.31309e-06	0.000204511	9.01524e-14	0.000739773	6.32601e-06	1.55584e-05	0.000677036	0.000166544	3.22221e-11	3.19523e-13	1.39811e-06	0.000776903	1.0826e-08	0.000208522	0.000112388	2.33415e-06	6.19511e-09	2.76663e-14	1.89323e-08	0.00226703	4.67365e-05	0.000104339	0.00056105	0.000227142	0.00388801	0.00993175	0.000198905	0.00409344	
0.258272	0.299267	0.247501	0.200218	0.222879	0.237564	0.292068	0.221833	0.342821	0.280608	117.968	119.154	119.29	118.736	118.895	117.996	116.24	119.556	117.592	118.506	119.4	118.028	118.565	117.644	118.047	118.094	118.666	118.571	118.088	118.327	118.615	0.251163	0.235946	0.199433	0.216198	0.236495	0.240026	0.24746	0.225307	0.324746	0.336865	
0.0135247	0.00415929	0.0125326	0.00313723	0.000966319	0.000491915	0.0254032	0.000595074	0.000486724	0.00404216	0.000685507	0.0033879	0.00793365	0.00071093	0.000425394	0.00268906	0.00279144	0.0280607	0.0203736	0.0183559	0.0433779	0.0223697	0.000397848	0.00034666	0.0192773	0.00503787	0.00788367	0.398042	0.00185014	0.000135108	0.00108299	0.00327965	0.00675492	0.0134947	0.005453	0.00542443	0.0112071	0.0223391	0.000458628	0.00361227	0.00534084	
6.42013e-15	6.65023e-14	2.38562e-13	0.000453213	5.69484e-07	2.52702e-14	8.73514e-12	2.32641e-07	6.41036e-10	1.10149e-06	1.36603e-07	7.98435e-07	1e-15	1.07079e-05	0.00145755	7.40185e-15	1.63409e-11	0.00179948	1.5723e-13	5.74996e-06	6.45415e-14	9.13088e-09	0.000988856	1e-15	5.45872e-12	1e-15	0.00130035	1.03905e-06	4.05451e-15	4.48417e-07	0.00335178	0.000208487	1.5193e-14	1e-15	1.38397e-07	0.000168473	1e-15	2.15666e-11	0.00328629	0.000561267	0.000139387	
0.0238848	0.0031782	0.00837608	0.00619065	0.000260889	0.00319401	0.00312146	0.00433489	0.0104555	0.00327854	0.00893379	0.0334626	0.00641906	0.0273346	0.0096686	0.000691435	0.0798133	0.042424	0.00500482	0.00500905	0.0184687	0.00686818	0.00706075	0.0132149	0.000297681	0.0106632	0.00598455	0.0869203	0.00240175	0.0043698	0.00478835	0.00511015	0.0132859	0.00574762	0.00243864	0.0179315	0.00879261	0.0152495	0.00759023	0.00915442	0.00743786	
0.021744	0.0336601	0.0962072	0.0268919	0.0232886	0.0222871	0.0209279	0.0103852	0.0347	0.0446358	0.734683	0.0411862	0.27565	0.0153347	0.111635	0.115852	0.335345	0.0856828	0.142693	0.7633	0.230032	0.764333	0.0840663	0.0869954	0.0501338	0.052244	0.125313	0.322821	0.115057	0.502623	0.0693905	0.0222778	0.0312992	0.0292679	0.0205398	0.0413849	0.0284603	0.0455432	0.0423261	0.0154345	0.019064	
0.000124782	0.011834	0.000808246	0.00324318	0.00218151	0.00136784	0.00892979	0.0111029	0.0284396	0.00307065	0.000551291	0.0183419	0.0249886	0.000827863	0.000273634	0.00361244	0.00919489	0.00469212	0.00307822	0.00258951	0.00320022	0.00237455	0.00138605	0.0004742	0.0134987	0.000488602	0.126181	0.0096444	0.00778928	0.00761676	0.000388316	0.020988	0.0225368	0.00273313	0.00125061	0.0303804	0.00965833	0.00128411	0.00184228	0.000348744	0.000792252	
0.00305939	0.00375779	0.00604879	1.04518e-07	2.74782e-05	0.00479263	0.00152903	0.000188309	6.23047e-05	0.000727468	4.78355e-05	0.000156488	6.74122e-05	0.000651003	0.000502311	0.0140082	0.000815881	0.00121286	8.88418e-05	3.56612e-05	0.00126733	0.00687833	0.00106894	0.00238059	6.7796e-05	0.00167355	0.00151434	0.000260603	0.00262636	0.000430626	0.00056002	0.000820525	0.00358255	0.0406733	0.00595547	0.00205822	0.0413036	0.000807896	0.00430717	0.0121804	5.85801e-07	
0.0110235	0.000537381	0.00895742	0.0173646	0.00201457	0.0026752	0.00218328	0.0128015	0.0109125	0.0432592	0.00245232	0.00980226	0.00715857	0.0259744	0.00473842	0.0397293	0.00373274	0.0123174	0.00158225	0.00592314	0.00332059	0.0213067	0.113794	0.0386194	0.0243611	0.00074378	0.0287024	0.00532659	0.0155311	0.0279194	0.00520429	0.0136899	0.0651921	0.00144789	0.0133682	0.0111106	0.0120098	0.000427445	0.0170012	0.00200212	0.00267019	
