0.0256145	0.0119943	0.010029	0.0294712	0.0420228	0.0345616	0.0132315	0.015589	0.107907	0.0133952	0.0369893	0.0548732	0.0471048	0.048855	0.0419003	0.0275829	0.0310458	0.0324283	0.0226273	0.0374076	0.0526262	0.0821382	0.0161989	0.0142943	0.0853923	0.0524695	0.011312	0.0118161	0.0310983	0.0222053	0.0398858	0.0231285	
0.00196331	0.00276793	0.00682427	0.00145745	0.00232854	0.00107617	0.00473775	0.00705784	0.0103444	0.00082273	0.00753761	0.0017491	0.000199105	0.00183395	0.000563027	0.036428	0.000545302	0.119384	0.0111607	0.00321078	0.0029593	0.0029234	0.000220062	0.00582067	0.000487275	0.00179636	0.015448	0.00108216	0.00280194	0.00321809	0.0100377	0.0051898	
0.0139994	0.031334	0.00539249	0.0112129	0.00588827	0.0108253	0.00179083	0.111365	0.00796272	0.0267046	0.104309	0.194327	0.0563975	0.0176719	0.0246296	0.00303582	0.0260665	0.0422735	0.0206318	0.0225219	0.14538	0.0673689	0.0326571	0.0340524	0.047522	0.0172666	0.0243796	0.093982	0.00420882	0.0215192	0.0154434	0.0180852	
58.1403	58.3189	57.7901	58.4227	58.8043	58.7326	58.1896	59.0473	0.0995098	0.0988471	0.0672042	0.0617792	0.0902736	0.0748307	0.0780572	0.0983908	0.102708	0.115945	0.0883246	0.111397	0.099564	0.0784475	0.0996524	0.105705	0.125493	0.0986411	0.0751481	0.0662758	0.120486	0.0734652	0.0909263	0.126804	
9.58555e-05	0.0263023	0.01868	0.00348313	0.00178879	0.00725668	0.00114947	0.00293422	0.0234561	8.69282e-05	0.00362885	0.00217303	0.00991977	0.015977	0.00144544	0.000933676	0.0527348	0.00181775	0.00585455	0.00922568	9.26225e-05	0.000998511	0.000127562	0.00372122	0.0134842	0.00886117	0.0074679	0.00429526	0.00529125	0.00921082	0.000493469	0.0066204	
0.0758238	0.117215	0.0567599	0.0361517	0.0728268	0.0825517	0.0905353	0.0733827	0.0972421	0.0606567	0.0772514	0.0566822	0.0999836	0.0494467	0.0910741	0.0932446	0.0923379	0.111978	0.103635	0.0655614	0.147749	0.0728367	0.0948001	0.0672748	54.4924	57.3763	58.9804	55.7435	56.1241	50.653	56.5639	58.3624	
0.00290744	0.00219973	0.0157826	0.00716852	0.0057711	0.00135839	0.000652814	0.000660717	0.0210522	0.00489106	0.00201223	0.0405472	0.00705523	0.0162147	0.00587895	0.0265676	0.0194384	0.00138236	0.000613955	0.00094033	0.00309004	0.00154258	0.0104632	0.000370168	0.00138248	0.00583128	0.000891674	0.00262816	0.00163169	0.00371492	0.00207904	0.00828166	
1.99924e-05	0.001961	0.00301643	0.000428259	0.00300853	0.0357604	0.01301	0.0308354	0.00314731	0.00242006	0.0622679	0.0131837	0.00775833	0.00567211	0.00744762	0.00941543	0.000709378	0.0198287	0.00189842	0.00542975	0.00101548	0.00989159	0.00148855	0.00165432	0.00277245	0.00170254	0.00484726	0.000316038	0.00221521	0.000120509	0.0164372	1.13981e-05	
0.000166577	0.000144234	0.000723158	0.0010695	0.00139305	0.0204832	0.00472447	0.000735961	0.00466491	0.00455841	0.00392734	0.00316017	0.00048651	8.49733e-05	0.0550497	0.00163771	0.00149924	5.46864e-05	0.00183117	0.00455117	0.000116351	0.0297641	1.63141e-06	0.0019652	0.00278257	0.00386763	0.00360234	0.0466746	0.0024235	0.00205056	0.00852305	0.00154418	
0.00590751	0.0190629	0.00177585	0.00714554	0.00881523	0.00548518	0.00213866	0.00768452	0.0374067	0.0101259	0.0121797	0.00121026	0.0352795	0.00264734	0.00267323	0.000240236	0.00543878	0.00550436	0.00256875	0.00125127	0.00920383	0.0220456	0.00743146	0.0172015	0.00771876	0.00539879	0.0201018	0.000714564	0.00929317	0.000686567	0.0157767	0.00934366	
0.00279373	0.00305272	0.0212988	0.0046852	0.00361888	0.0208546	0.00239044	0.00389489	0.00263366	0.0346843	0.00170468	0.00543095	0.00595633	0.00397175	0.00603576	0.0030838	0.00162659	0.0042748	0.0164843	0.00313957	0.0129357	0.101312	0.0134044	0.00787104	0.000866992	0.0015195	0.00372818	0.00659741	0.00151132	0.0112498	0.00484504	0.00354697	
0.0185525	7.46386e-07	8.49223e-05	4.29569e-06	1.87032e-05	0.000797459	0.0117901	0.0023443	0.00184411	0.000416041	0.00074107	6.07917e-05	3.94663e-05	0.000286098	2.53094e-05	4.11596e-05	0.00229174	0.00299896	2.11948e-05	8.34478e-05	7.71332e-10	0.00360855	6.15662e-07	9.08279e-07	8.30833e-05	8.34148e-05	0.00151489	0.000576284	0.000184785	0.000182353	0.000758585	0.00153127	
0.136839	0.15776	0.170836	0.123857	0.128695	0.173207	0.161609	0.163487	117.225	117.824	117.168	118.369	116.818	115.821	118.036	119.28	118.314	117.695	117.31	115.184	119.169	117.3	112.482	114.31	0.146432	0.173437	0.140092	0.158042	0.167274	0.156433	0.198011	0.130583	
0.000346602	1.32173e-05	6.97276e-05	0.0698201	2.93841e-15	3.77632e-08	1.79522e-10	0.000718321	3.66485e-06	3.43631e-08	0.00183625	0.000157815	2.44599e-05	0.000158	0.00110658	0.00017237	9.51012e-05	4.84766e-06	3.052e-14	2.5801e-05	5.22511e-06	0.00432655	3.24949e-05	0.000104572	0.00135806	8.78506e-06	0.000296151	5.90531e-08	0.00447016	7.19215e-06	1.03902e-15	0.00323028	
0.0306053	0.040821	0.0227899	0.0114108	0.0246438	0.0142741	0.0163572	0.0224547	0.0193689	0.0114809	0.0915673	0.0121935	0.0591244	0.0251353	0.0544604	0.0927901	0.0192903	0.0186359	0.0129042	0.0341527	0.0420708	0.00413733	0.0927729	0.0260348	0.0254902	0.00879418	0.0260162	0.0152697	0.0118864	0.0246005	0.0232774	0.0463868	
0.00272523	0.0299437	0.00447748	0.000129	5.94601e-05	0.00347643	4.29691e-05	0.000175899	0.00654222	8.25548e-05	0.00348821	2.27713e-05	0.000829393	1.23804e-06	0.0144788	2.04659e-06	0.000120837	0.000229922	2.64146e-08	0.00177553	9.97124e-05	0.00782431	0.00206517	1.03812e-05	0.00180833	9.6256e-07	0.000137303	0.000207451	0.0116237	0.000595935	0.000109484	0.00266537	
0.0332947	0.026002	0.0532133	0.0437206	0.0242026	0.0362944	0.0493884	0.0281552	0.401451	1.7285	0.38939	0.687242	1.08687	2.35017	0.835066	0.0371367	0.919839	0.536595	0.781687	3.10435	0.396016	0.162041	6.4174	6.06073	0.0335819	0.0360401	0.0520766	0.0339994	0.0609941	0.0458322	0.0317675	0.0592746	
0.0427995	0.0638669	0.0443594	0.126362	0.0297869	0.0571269	0.0378355	0.0860688	0.051883	0.114106	0.0829752	0.0521051	0.198733	0.119863	0.0735755	0.0507635	0.131417	0.0702287	0.185264	0.0697002	0.0429276	0.0936287	0.12707	0.0772786	0.0666032	0.0650654	0.117857	0.0437001	0.0451882	0.0515975	0.155284	0.0585502	
0.0650676	0.031245	0.0493994	0.0419482	0.0397827	0.0532281	0.0388766	0.0432073	0.0537549	0.075826	0.0228038	0.0797101	0.0514775	0.0737272	0.0674801	0.0598091	0.0303023	0.0739843	0.101131	0.0397736	0.0476987	0.0759163	0.0710221	0.0568047	3.79167	1.25416	0.125472	2.70917	2.32441	7.45379	2.27837	0.232599	
0.000888069	0.00439097	0.00211176	0.00460161	0.000600364	0.00445663	0.00201952	1.89881e-06	0.0169104	0.00375821	0.00414768	0.000444571	0.000461706	0.00525677	0.0542909	0.00126358	0.00131573	0.000642986	0.000177186	0.00340182	0.00968296	0.00551352	0.00441421	0.0116996	0.000889507	0.00719843	0.0127603	0.0149878	0.000700686	0.000283653	0.000207099	0.00195816	
