21.0461	0.312767	1.83022	0.0529807	0.349171	1.48851	0.536704	0.145943	0.767073	0.0301645	0.128633	0.100099	0.422352	2.08134	0.537352	6.34395	1.92669	2.96373	0.452251	0.118425	2.95628	10.8436	46.0523	0.524136	1.7092	12.8203	1.04732	0.425354	0.0521186	4.144	0.261165	1.9975	0.150114	5.67976	1.40602	0.6396	0.157208	0.822091	1.84412	2.73266	0.182359	0.635884	5.23534	17.2118	5.40374	0.0478057	0.0949237	2.32559	1.05165	0.908059	0.100826	5.18327	0.26674	
1.62772	1.7191	0.382345	0.920961	0.741871	0.108204	1.29467	37.8877	1.41902	0.834241	9.70476	0.349374	0.239418	0.174597	0.0795141	2.1407	14.8942	6.33791	0.0430317	1.32914	1.40849	11.2858	0.126621	0.776749	0.424414	0.388045	0.167921	0.31432	1.37139	0.0462791	4.15025	0.415195	0.0459518	58.1975	2.99087	1.51833	3.43835	0.896904	11.5103	0.143012	20.4199	1.78065	0.748514	0.636367	0.224272	0.3755	4.49788	3.10723	0.218733	6.54775	0.180184	0.470385	0.267473	
0.0388002	0.0667449	0.644631	0.502819	0.198449	0.92323	0.111076	2.79693	6.51864	0.298479	1.39991	1.88699	0.283683	1.80404	2.97514	4.51735	0.750267	3.66498	0.229784	0.111351	0.30885	27.2635	1.40849	3.35323	0.194864	5.37204	0.847325	0.826744	0.0486547	1.76833	0.221643	0.141938	0.640893	26.9239	0.39853	0.450383	0.618802	7.1824	12.8686	1.49509	0.0553416	2.28958	4.47355	0.128682	0.0654741	2.50303	0.247553	0.392015	0.611939	1.15391	0.970095	2.87149	3.40428	
0.0887122	13.4374	0.0550306	15.7298	33.6182	0.199834	1.50368	0.0471275	0.496341	24.1284	0.186518	8.84961	19.5486	0.682021	0.134681	0.590131	0.0441594	0.825447	0.508758	3.81924	1.36378	0.203389	3.99526	9.4646	0.180416	0.41735	11.6945	1.59729	1.54848	1.44756	0.151307	0.0700408	0.180666	0.277447	1.06774	0.406146	4.68817	0.110976	0.0835551	0.588658	0.121922	0.433643	2.78375	0.186049	0.0422659	0.0174072	7.02128	1.10996	0.168658	8.99665	0.263479	0.0774046	0.110618	
4.7374	0.467588	0.501938	0.228416	2.03305	0.289348	35.1014	0.16079	0.316227	0.198703	0.13079	19.9487	0.174395	0.345407	16.3013	7.25089	23.0681	0.435925	0.136991	0.29825	0.389951	20.677	0.458528	0.186032	0.138003	1.3662	0.586517	0.219237	0.052439	4.45955	9.68793	0.283172	38.0109	0.0528687	0.141599	0.496555	1.10477	0.690507	27.5263	41.2998	0.102104	0.160108	1.13889	0.0511391	10.2157	0.178504	0.742528	0.095884	0.578758	0.903662	4.18938	12.9739	0.27426	
0.0813408	0.969523	0.195085	0.0921639	1.47826	6.08984	0.063987	1.15899	28.2629	0.748586	0.48119	3.87056	0.120471	0.312518	6.92639	37.6078	3.47708	0.0793574	0.114095	0.213965	0.642049	0.399	0.485911	0.133824	0.414049	2.11888	2.27374	0.765948	0.605071	1.17115	0.414116	1.32829	0.0846004	0.612036	1.01637	0.0398107	1.13247	0.198647	0.72037	0.402197	3.84764	1.01775	0.1452	0.278233	7.36782	18.5719	20.9894	1.08883	0.660964	1.94773	1.35324	0.355298	16.2225	
0.317891	1.33835	1.21184	11.9716	0.119972	0.165075	3.36348	1.77388	0.318567	0.771141	6.25465	0.702531	6.17221	0.631689	0.583737	0.875037	50.4631	13.6172	57.855	0.680798	0.180719	2.46744	14.1169	2.01059	1.48051	2.13169	0.480735	1.76543	0.0724755	0.110328	0.107837	0.768171	0.285504	2.69313	0.101701	0.110446	0.226547	0.291504	2.22882	0.507808	0.848415	0.147942	0.855523	12.9486	3.68051	1.23542	2.36114	25.2082	0.154768	5.89744	2.11082	0.0941511	0.119604	
3.4397	5.8418	1.59579	5.37738	0.408001	0.482929	0.256338	0.274624	0.0635526	2.24335	0.142512	13.6152	0.970002	0.130776	0.877982	4.61308	3.63447	1.57661	0.368246	1.94233	25.4663	2.97748	0.366186	1.00514	0.473094	0.928441	0.0717747	0.166128	0.159309	3.82658	1.9622	0.143713	10.9124	0.869731	0.0615672	35.189	0.142183	15.3586	29.412	18.3224	0.833212	0.589164	1.00484	0.548112	0.315197	5.76283	1.56905	0.854879	2.34913	3.83547	2.69901	0.116089	4.07458	
1.09955	0.122481	22.2208	1.06834	1.63033	9.35896	0.176225	0.144254	0.432089	1.96841	0.384932	1.64108	1.27074	0.32551	22.5862	3.42074	0.752284	68.1364	0.819958	1.1757	0.2811	2.98296	0.162872	0.454024	0.866608	0.312244	0.286583	3.96913	2.68308	0.305318	0.0590347	0.201803	0.0773827	0.684815	0.980466	0.0725304	0.137487	0.215052	0.523032	0.231285	0.168699	0.515475	0.130857	0.148624	2.50058	0.169038	0.236276	0.122077	1.86683	0.15985	1.3465	0.816512	0.441786	
0.556022	0.577839	1.40543	7.48766	1.21931	5.84956	0.697172	1.28492	2.48839	11.7434	0.856362	0.0427783	3.9034	0.2492	49.2458	0.209894	3.36906	1.17146	0.0876421	0.191844	39.6809	1.27433	4.42114	0.439609	40.5183	0.352275	3.91503	1.2245	0.475885	2.21115	2.6191	0.702228	0.94663	12.3147	0.0301697	2.05955	1.78338	0.386989	0.393691	0.426755	12.7711	0.781927	4.0043	1.67513	0.364897	0.967631	0.176977	0.0638877	0.615748	3.59403	1.84323	0.451674	0.111819	
2.42892	0.0569459	4.4713	3.27909	0.160587	0.0994685	0.294361	3.92236	1.18184	0.10913	2.08021	0.533597	0.688175	0.0830066	0.188752	0.857298	0.0561403	2.38838	0.102689	23.7468	0.6652	0.42126	0.215897	0.455457	0.0522266	2.18788	0.0519121	28.6813	0.104783	1.78469	3.32485	20.1234	0.182067	0.406734	0.655275	4.05925	1.72367	9.10546	11.3249	0.131421	0.79673	0.125361	0.536217	0.158546	0.627572	2.20525	0.966543	0.30294	0.0564066	0.174074	0.992598	0.117073	0.354149	
0.14857	1.12213	0.120799	0.498178	0.299184	0.409083	0.0642734	0.334826	0.23243	0.777811	0.963747	0.210006	2.35561	8.91913	0.492698	0.494525	0.340777	6.00312	0.138708	42.4547	0.938055	0.226048	0.797528	0.0847326	0.306937	0.563439	1.55644	0.400997	1.55861	0.0829589	0.118219	0.440867	4.2632	5.90431	0.630982	0.13932	0.678726	0.0820433	1.18271	0.713523	1.48958	1.87131	3.3579	0.582707	0.220033	1.12121	0.36575	0.251906	1.8218	0.043183	0.35463	0.252877	0.120747	
2.20462	1.07384	0.301244	0.0865686	0.571795	5.21791	1.94825	0.510444	2.40968	0.155795	0.280203	0.636123	0.424904	1.11428	0.585782	0.336235	0.0556228	3.97559	1.92337	0.0837743	0.615812	29.0306	0.685008	0.116475	4.16637	27.3554	0.633035	0.176992	1.69784	42.8953	0.118863	69.3875	1.89685	2.12161	0.341737	0.132179	1.43854	2.23753	0.27204	12.3499	4.74556	0.696842	0.213134	0.324037	0.103649	0.392467	0.808355	0.168407	0.187473	0.0340589	0.293459	0.362065	3.97242	
19.3244	23.3992	0.69708	1.24596	0.471451	11.2977	0.148836	4.08147	1.81518	6.48288	0.849786	0.0764618	0.254645	13.3509	0.22021	0.048491	1.79567	1.57436	2.36933	8.36748	13.5536	3.49601	29.6346	0.219542	2.00748	0.126084	0.548007	1.96651	0.116671	54.0046	0.171317	0.300068	0.475928	0.10344	1.80369	0.20687	1.36563	1.32623	0.318632	0.0594768	0.101704	0.169291	0.233256	0.0557729	0.0678619	1.45878	1.74644	0.0767496	1.30823	1.74787	1.1285	14.8623	2.21827	
0.0388151	0.195656	0.932633	1.20608	0.365197	0.106833	0.311655	0.381653	8.39752	3.99354	11.4241	0.157663	1.79611	0.0481166	6.64803	0.298057	3.47278	0.593703	47.5016	0.170527	3.45535	0.0747557	0.909257	73.6795	36.5545	0.727523	0.112524	0.0997442	2.42326	0.0906431	2.47418	0.117334	0.0664611	0.398412	36.0365	3.61004	0.737848	0.619969	0.0589449	1.34239	0.111381	1.49612	0.242403	11.8923	10.4719	0.345084	5.4009	0.966708	16.8525	0.75308	0.447685	0.231672	3.02558	
0.545735	1.46026	6.97235	0.288569	0.062438	4.67136	10.5543	2.37242	2.39659	0.249747	0.360735	0.167144	0.961946	0.230521	10.1908	10.283	7.06239	0.950285	0.24276	2.70448	1.89654	1.05569	3.9849	5.8268	23.4324	1.2156	0.14915	0.223537	0.466552	0.070428	0.268559	0.0937783	2.7139	0.160383	0.07867	1.54245	8.69171	24.4738	0.32426	0.398811	0.978548	0.200156	25.1611	0.75841	4.91455	0.214627	0.0964903	0.250199	4.63972	0.218786	33.1013	18.4356	0.146353	
0.300396	0.836683	0.140421	0.755772	2.30635	0.618152	0.137034	0.450903	0.201899	0.0903332	2.31348	0.348975	0.231952	9.80881	0.146625	5.38214	0.177502	1.39478	4.41564	21.616	2.14584	0.58222	2.68489	1.62373	3.92268	1.89269	78.9325	61.2493	102.613	0.292276	2.77284	22.1874	46.2969	0.130528	60.2188	60.6128	34.9732	0.352894	0.216821	0.392895	0.127902	9.27278	2.98428	1.12668	4.52676	0.221344	2.23032	5.3468	13.9837	7.35398	0.446525	0.167099	17.7245	
0.330012	5.37942	0.764148	0.120751	0.0659198	10.7329	0.572318	0.139609	2.14921	0.192667	5.87995	2.89589	0.228458	0.08765	0.511538	5.41597	2.2229	1.89179	0.580295	1.93947	0.0397415	1.1649	0.154093	17.2669	0.175527	0.220958	16.1013	13.9657	0.818297	0.482907	78.0724	0.0545831	0.0826102	0.262558	9.17174	1.63153	0.151605	0.0306972	16.1927	2.36388	0.456946	36.0738	0.237963	1.30561	6.71683	2.89003	0.225211	9.86714	4.91097	2.05969	3.97998	0.0695816	1.17769	
0.138214	0.563925	0.68509	0.093182	5.9957	0.0442478	0.816364	0.773336	0.0641611	0.337506	1.25097	0.130141	18.6726	0.360968	0.0730246	27.1599	0.0344009	0.156022	0.691189	8.65536	2.03085	1.17868	0.389082	0.154172	0.350913	1.33979	0.485867	0.241083	2.43521	0.0514022	0.0998834	0.0929146	0.400467	0.607065	0.143835	3.76144	0.18479	0.438961	0.932497	34.5081	10.1026	0.0216282	0.40224	8.59216	0.269028	20.9444	8.50477	4.82014	0.138085	0.111463	1.16842	0.998442	2.77925	
0.150101	0.279005	13.6953	7.53581	6.00762	1.31401	0.65456	0.44075	0.235121	3.37906	14.5701	3.94891	0.642879	77.4846	0.151174	0.74446	0.635802	1.40735	1.73973	0.055059	20.6938	1.71341	7.68553	1.73125	1.73515	57.3492	0.139168	0.153139	0.315222	0.246675	11.8395	0.14234	12.6444	0.160349	2.17755	2.00527	57.3015	54.5434	0.0915361	0.35117	0.166463	0.412579	4.56267	0.228167	0.05322	0.10889	0.674139	2.18164	6.73107	13.9967	2.13797	0.1293	2.91929	
