0.0511945	0.100722	0.0577874	0.0294314	0.0313743	0.0402041	0.0487777	0.0177226	0.0485192	0.0398957	0.0132014	0.0268755	0.0368819	0.0441568	0.0933163	0.028311	0.0747498	0.0835158	0.0290901	0.108575	0.0723669	0.141817	0.107893	0.0452511	0.0705992	0.0615993	0.0280341	0.0151202	0.0764926	0.0848644	0.179574	0.0248103	0.153666	0.0580601	0.0532074	0.0279652	0.0769865	0.0348521	0.0554384	0.142914	0.0444722	0.0333228	0.0547022	0.101523	0.0167896	0.0158086	0.0292105	0.0883868	0.099621	
0.000941825	0.00922839	0.00703252	0.0185162	0.00932967	0.00873211	0.00105722	0.00345486	0.00221452	0.00461221	0.0101215	0.00360736	0.0173669	0.00777851	0.000685082	0.0622016	0.0382595	0.0107388	0.000111522	0.00937148	0.00145431	0.00800074	0.000251713	0.0414208	0.00467585	0.00402429	0.00868326	0.00409569	0.00356034	0.00876001	0.00498164	0.00935494	0.00113515	0.00483363	0.018807	0.00286676	0.00421024	0.00028022	0.0258779	0.00625091	0.00310102	0.00829224	0.00622621	0.018107	0.00292998	0.00871823	0.0103569	0.0705526	0.00190164	
0.003	0.0020444	0.00220816	0.032877	0.00134906	0.000980659	0.00441539	0.000678341	0.00237016	0.00723594	0.00087139	0.00192155	0.00435208	0.000826726	0.00291579	0.00482449	0.00247051	0.000799703	0.00819896	0.00765923	0.0011577	0.00965613	0.00724805	0.0023899	0.00921726	0.0018538	0.00165821	9.29308e-05	0.00280554	0.000701501	0.0140292	0.00701368	0.0118571	0.00363373	0.0043665	0.0158853	0.00934597	0.000598546	0.00184108	0.00486237	0.00306519	0.00223291	0.00433801	0.000174233	0.00306847	0.0171504	0.00247724	0.00203095	0.00638477	
57.2195	59.2355	58.2711	58.4606	58.6266	58.2047	58.2862	57.9318	58.3807	58.4507	58.2541	58.7266	0.160853	0.0971834	0.0939262	0.0824179	0.113978	0.133235	0.154024	0.0998508	0.0898969	0.11478	0.122066	0.0739629	0.0904409	0.1043	0.0929059	0.0934624	0.116382	0.116061	0.102266	0.103304	0.0868637	0.151465	0.111929	0.0736798	0.115722	0.0905472	0.104466	0.0745599	0.127003	0.111444	0.11608	0.0921288	0.128367	0.0778216	0.0959079	0.114923	0.0717452	
0.00669162	0.00488713	0.0055509	0.0147903	0.00623843	0.020451	0.00596382	0.00217589	0.00870426	0.0111561	0.018986	0.0178763	0.0712047	0.144999	0.00531853	0.00883964	0.00852426	0.000749638	0.0538566	0.0232482	0.0342227	0.00446875	0.0163792	0.0588164	0.0599961	0.0267599	0.00726453	0.00446719	0.0518809	0.0107536	0.371755	0.0139794	0.00526554	0.154109	0.00737539	0.00640998	0.0258282	0.00397933	0.00276853	0.00493285	0.00887271	0.0242028	0.00223787	0.0110839	0.0176595	0.00834573	0.00206055	0.0145997	0.00361913	
0.0818343	0.102156	0.0713136	0.0547189	0.0821337	0.046339	0.0591242	0.053841	0.105133	0.0739616	0.0625915	0.0551444	0.0714056	0.0662892	0.0655512	0.0743045	0.0637821	0.116687	0.0644691	0.0935149	0.0635006	0.0629686	0.0808205	0.0635314	0.0839607	0.0582761	0.109533	0.0863768	0.0815664	0.0651789	0.100266	0.092996	0.0885958	0.0636664	0.0689148	0.101967	0.0659156	58.5277	58.2789	58.276	58.9169	58.1658	57.7578	57.2237	59.3757	58.851	57.7571	58.309	56.4599	
0.0149804	0.000339554	0.00835751	0.0112996	0.00375873	0.010035	0.0492058	0.00497757	0.0248822	0.000677807	0.0154797	0.0119338	0.00907742	0.000911994	0.00299163	0.0108567	0.0198547	0.00606313	0.00546179	0.00242361	0.000239708	0.00286871	0.0117545	0.00958635	0.000687638	0.0340564	0.0131652	0.00885817	0.037927	0.00773988	0.00679163	0.00361899	0.00771611	0.0033118	0.0121468	0.00473307	0.00410697	0.0018248	0.0045669	0.00813444	0.00479973	0.0313968	0.0202219	0.00959212	0.00466433	0.00729348	0.000972009	0.00222584	0.000842548	
0.00161103	0.00890819	0.00809037	0.00127199	0.000542573	0.000112972	0.0048924	0.000813144	0.00312974	0.0138305	0.0161559	0.00382711	0.00821321	0.000284638	0.00070447	0.00355328	0.00172652	0.0179009	0.0092756	0.0104939	0.00477259	0.00647711	0.001905	0.000454405	0.00535732	0.039105	0.00500419	0.0139996	0.00605759	0.001769	0.0632449	0.00884284	0.0177925	0.00173447	0.0226803	0.00819026	0.0111793	0.00020285	0.00057584	0.00421189	0.00818811	0.000215992	0.00835228	0.00461755	0.00322483	0.00244852	0.00374571	0.00961877	0.00113118	
0.0115657	0.000308773	0.0136407	0.00706166	0.0039125	0.0111032	0.00371652	0.00740121	0.00382343	0.0074482	0.011968	0.000638865	0.00216084	0.0126832	0.000483932	0.0079446	0.0152778	0.00135874	0.0132952	0.00797457	0.015351	0.000480979	0.0105622	0.00174231	0.00112927	0.00434423	0.00579394	0.00634357	0.00666151	0.00464156	0.0204866	0.00376975	0.0152375	0.00644869	0.0045086	0.0105532	0.0026015	0.0062279	0.00904938	0.00104634	0.00228367	0.00653124	0.00605742	0.00202134	0.0203388	0.00559393	0.0103557	0.010939	0.00151633	
1.23121e-14	2.56056e-15	2.45622e-05	0.00016638	0.000397786	0.00139021	2.44237e-05	7.85827e-06	9.2174e-05	0.000125136	0.00196756	0.00352444	6.16173e-05	1.20372e-07	7.58785e-05	2.6149e-06	0.00250115	1.21716e-13	0.000441714	2.44329e-05	2.44278e-05	2.5534e-05	3.26911e-10	1.17094e-10	7.34781e-06	0.000256827	1.68103e-07	0.0174788	1e-15	0.000623883	4.56694e-07	2.60032e-07	2.82942e-05	0.00731841	1.10436e-15	1.33829e-05	1.06734e-05	3.44083e-11	4.93987e-05	0.00264192	0.00202667	0.00559212	8.85253e-05	1.83173e-05	3.89757e-15	1.138e-06	0.000284541	0.000319609	2.63263e-09	
0.000507449	2.56777e-09	0.0101205	0.000492016	1e-15	6.9791e-11	0.000194771	1.83742e-12	5.46989e-06	9.21887e-08	0.00172786	0.0018801	0.00259338	0.000248017	0.000281313	0.00229272	2.5415e-05	0.00112406	0.00201447	1.37652e-06	9.28971e-05	0.000249026	0.00660019	3.12504e-05	5.21745e-05	5.55283e-13	4.66338e-06	4.41627e-06	0.00552587	2.08421e-05	3.27206e-07	7.56359e-06	6.06083e-10	9.75799e-08	2.99404e-09	1.26142e-06	1.5811e-12	5.15131e-11	2.79834e-07	3.46273e-10	1.74092e-12	0.00157104	7.88072e-06	0.00103414	1.93442e-10	0.00424137	1.33553e-05	0.000166238	0.000117125	
0.000419089	0.00663573	0.00466917	0.000897907	0.00619081	0.00142983	0.00470525	0.00240539	0.00781714	0.00358835	0.0201018	0.0173548	0.00278699	0.0046108	0.00128458	0.00831303	0.00484141	0.0540161	0.00104981	2.03708e-06	0.00626039	0.000163348	0.00882261	0.00292499	0.00504512	0.00491825	0.000137081	0.0101195	0.00102134	0.00919591	0.0033602	0.0300345	0.0125009	0.00333145	0.000698567	0.0304261	0.00139537	0.00438972	0.0347105	0.000661052	0.000193034	0.00500733	0.00180964	0.0153094	0.0097891	0.00186324	0.000560223	0.00813923	0.00251201	
0.22132	0.176088	0.155916	0.1867	0.15047	0.223506	0.209838	0.291845	0.182148	0.231482	0.2379	0.207228	114.052	117.308	115.473	116.579	117.155	116.731	117.944	118.339	117.969	114.589	119.814	111.474	118.898	119.481	118.201	117.47	118.946	117.518	118.145	116.305	116.837	118.553	118.223	118.502	118.153	0.19316	0.215458	0.201892	0.174905	0.26766	0.208643	0.203538	0.183188	0.175693	0.200085	0.207958	0.212171	
0.000189933	0.000171184	3.90673e-05	0.000109896	0.000688424	5.90526e-05	0.0120074	0.00745656	0.000382889	1.74669e-05	2.13227e-05	0.000310394	0.0126542	3.28499e-06	1.04487e-06	0.000204549	0.00217156	2.99313e-05	5.92505e-05	5.84444e-12	1.01716e-07	0.000145575	3.64769e-15	1.92401e-07	2.89642e-06	1.35478e-06	1.00278e-15	4.08266e-06	0.000249017	2.18765e-05	0.000384329	0.0027724	0.0393973	6.28534e-05	1.09439e-07	0.00321716	0.000213735	0.00241569	1.13316e-10	0.000164908	0.00460133	0.000598439	0.0121913	6.38302e-06	0.000352391	0.00176115	5.29747e-11	0.00620488	0.000416673	
0.0415942	0.00932594	0.0102807	0.015707	0.018358	0.0971269	0.0134704	0.0260847	0.0470416	0.0103161	0.00944634	0.0263871	0.0455264	0.0328179	0.0190759	0.0208848	0.0232309	0.00963568	0.350608	0.0227525	0.0154677	0.093542	0.0319664	0.039047	0.0104947	0.0197069	0.0236175	0.0174002	0.014131	0.0557383	0.0239459	0.0125995	0.0246242	0.017386	0.0192877	0.028038	0.1439	0.0210158	0.0223194	0.00794084	0.0111395	0.0104112	0.0095259	0.0428987	0.0303914	0.0337916	0.0241141	0.0261491	0.0115266	
0.00014221	4.61791e-05	0.00042887	6.99051e-06	0.00287	0.00205657	0.000979632	0.0119107	0.000395639	0.00332296	3.63071e-06	0.000211888	8.38483e-05	0.000227215	0.00694986	0.00103255	0.00371921	0.000589452	0.0149034	0.000569304	0.00580747	0.000222316	0.00101336	0.00173132	3.53949e-05	0.00905112	5.14826e-05	0.0318432	0.00822321	0.00207683	1.76627e-06	2.30834e-05	0.000666379	0.0118608	0.000584272	0.000286682	6.37016e-06	0.000198896	2.36725e-07	0.000317549	0.00191898	0.000343791	0.0208805	0.000373289	0.0014151	0.0189982	0.00102702	0.00486922	0.000590488	
0.084451	0.0419927	0.1182	0.079025	0.0811575	0.0417049	0.0786288	0.0424105	0.0505238	0.0455997	0.0522809	0.0481319	3.09686	1.68003	2.51597	1.67085	0.204246	1.1647	0.0854399	0.757677	0.180873	3.10873	0.186075	7.97909	0.173387	0.116635	0.627835	0.47958	0.134606	0.269726	0.990129	2.05523	2.10067	0.0382408	0.268187	0.170286	0.807401	0.0330024	0.0696552	0.0416369	0.0553774	0.117573	0.053574	0.063187	0.0687152	0.0844564	0.0684563	0.0682511	0.0749464	
0.0284312	0.00754452	0.00282747	0.000455626	0.00718008	0.0202365	0.00181121	0.00120472	0.00465992	0.0164833	0.00321522	0.000250464	0.000890336	0.00822099	0.0234161	0.0173209	0.00766858	0.0151703	0.00181445	0.00194011	0.0278796	0.0477358	0.0104864	0.00987488	0.00446639	0.0212575	0.00445106	0.00459471	0.0076081	0.0707365	0.0112196	0.0270644	0.0921236	0.0183648	0.00777643	0.00159829	0.00285791	0.00312427	0.00588975	0.00465605	0.0228879	0.0235684	0.0216323	0.00173716	0.00270511	0.00839859	0.0215528	0.0209928	0.0633258	
0.0867794	0.0382227	0.0685597	0.0462676	0.0504068	0.0498861	0.0312415	0.0491596	0.0363562	0.0338561	0.0276878	0.0150808	0.0439755	0.0247849	0.0350683	0.049132	0.0124016	0.0463137	0.0198421	0.0335837	0.0223668	0.0443046	0.0219844	0.0439521	0.0473138	0.0387094	0.0155042	0.0296575	0.0156003	0.0440548	0.0810436	0.0166996	0.0300844	0.0208339	0.0315149	0.031923	0.0358607	0.231928	0.0805022	0.184948	0.195458	0.415183	0.163116	1.21831	0.0195784	0.172923	0.382323	0.0425969	1.16824	
0.00136248	0.00358817	0.00345767	0.0126061	0.0434744	0.019134	0.0254319	0.00367797	0.00196573	0.00368278	0.0153316	0.00333112	0.00511189	0.00333447	0.0102783	0.00485412	0.000722047	0.00437641	0.0354884	0.00960387	0.0101683	0.0129416	0.00261065	0.00571836	0.024229	0.00249202	0.00495453	0.0247262	0.0586224	0.0176465	0.0114414	0.01295	0.00586124	0.0100723	0.00257114	0.0011411	0.0195423	0.00490961	0.00653881	0.00131652	0.00648245	0.0159252	0.000213054	0.0136388	0.00766318	0.000352696	0.00254595	0.0103205	0.00627272	
