0.0175713	0.0182159	0.0246793	0.0113752	0.0168434	0.0176134	0.0170818	0.00845016	0.0438797	0.0207352	0.0120692	0.0133141	0.0407539	0.00478034	0.0154267	0.0640135	0.0447805	0.0080399	0.0156032	0.00594226	0.0147007	0.0637958	0.0262299	0.0127851	0.020151	0.0265247	0.0427459	0.0126996	0.0134986	0.0193127	0.0949525	0.0769547	0.0653827	0.01328	0.0893375	0.00802636	0.127542	0.0139345	0.0246505	0.132666	0.135103	0.0613797	0.0528969	0.0307165	0.00765545	0.0313263	0.0771085	0.0186935	0.0283746	0.00756784	0.0698414	0.0287652	0.0309426	0.00957628	0.0145055	0.0248318	0.012924	
0.0100049	0.0256792	0.0236232	0.0303993	0.109416	0.0140946	0.0541987	0.0407017	0.00467056	0.087236	0.0453564	0.00852527	0.0203837	0.0143838	0.0618352	0.0915412	0.0170781	0.0419208	0.0503586	0.0533154	0.0104182	0.0764915	0.220883	0.0363709	0.147715	0.0546289	0.0274147	0.00858152	0.0516336	0.0141915	0.0512214	0.0293495	0.0525411	0.00869494	0.0640826	0.0897986	0.0601996	0.0192541	0.0703837	0.0131882	0.0219008	0.0423457	0.0329589	0.0198351	0.0240972	0.00662328	0.0426531	0.0105959	0.0289675	0.0113172	0.0571032	0.0402778	0.00824076	0.0135214	0.0192183	0.0315079	0.0314563	
0.0555768	0.0127118	0.0612132	0.016353	0.0195728	0.0364945	0.0414853	0.0337856	0.0756487	0.0118418	0.0287141	0.029955	0.0944661	0.0120139	0.10371	0.129501	0.0898147	0.0687271	0.192432	0.0832998	0.0885179	0.0437277	0.0132435	0.0352851	0.186585	0.0837762	0.0713265	0.0453698	0.0107378	0.0655446	0.0227139	0.0239804	0.0403879	0.071443	0.0685944	0.27177	0.00773441	0.0362969	0.0323734	0.0650994	0.112746	0.0990869	0.10569	0.0155463	0.0567246	0.0238391	0.0416265	0.0241686	0.0643999	0.033647	0.0146029	0.0327915	0.0217701	0.0184816	0.103203	0.066502	0.0386858	
58.4497	58.9815	56.8658	57.3708	57.7507	58.2898	57.9435	58.8466	58.6001	57.4772	58.151	58.0985	59.3564	58.3719	0.0654476	0.0749628	0.094596	0.0871496	0.06009	0.0640505	0.106254	0.0605586	0.0920993	0.119866	0.0612592	0.0783314	0.0706664	0.0660345	0.0685839	0.068469	0.0544482	0.0466774	0.0520703	0.0392909	0.103351	0.0954166	0.0760043	0.0960681	0.0900776	0.0739654	0.0588604	0.0591299	0.0539058	0.0515319	0.0668438	0.0746788	0.0573985	0.0781111	0.0598948	0.089417	0.0730969	0.0767905	0.0909388	0.0754102	0.0702634	0.0539162	0.0518981	
0.00456276	0.0101314	0.0143642	0.0154639	0.0121628	0.0103243	0.00835717	0.00997623	0.00348449	0.0202384	0.00846844	0.0152891	0.00264925	0.0299403	0.0277889	0.00799579	0.0981982	0.161626	0.140609	0.00553594	0.00985485	0.00341409	0.0548516	0.000936647	0.0268076	0.0297053	0.00878966	0.0120646	0.00472481	0.00392256	0.0129461	0.0156597	0.130993	0.0282903	0.0066389	0.014679	0.0112439	0.0706166	0.0380749	0.0123155	0.0896877	0.010612	0.224735	0.011605	0.0282479	0.00487883	0.00978713	0.0206225	0.010577	0.00711724	0.00690741	0.00628197	0.0122591	0.00755896	0.0128793	0.00596803	0.00983959	
0.106157	0.126696	0.0781358	0.096943	0.108474	0.161345	0.0867723	0.148103	0.0888693	0.0838999	0.118134	0.105034	0.0455638	0.0719419	0.0905032	0.122493	0.119669	0.102165	0.139463	0.117664	0.11688	0.0859324	0.159391	0.0764207	0.0967478	0.144091	0.0946108	0.100372	0.0932797	0.134593	0.0840913	0.120419	0.0908034	0.101345	0.0702215	0.0998351	0.111999	0.185247	0.120489	0.0714967	0.11921	0.15566	0.118143	36.5391	43.9503	34.6039	36.3086	38.1737	36.8258	33.8464	38.4141	37.6697	37.2091	34.396	36.6677	36.9048	36.7203	
0.0176756	0.0211425	0.0206212	0.0133125	0.0375501	0.0353817	0.0273156	0.0126147	0.0460215	0.0521565	0.0447672	0.0228449	0.0589129	0.064359	0.0606598	0.134786	0.411317	0.0233113	0.0897741	0.255854	0.0364597	0.106662	0.0757897	0.0287619	0.226223	0.0366031	0.0704821	0.143797	0.064286	0.0815397	0.0998832	0.079271	0.271112	0.0502071	0.0521402	0.170788	0.0239119	0.0805216	0.171723	0.0477291	0.0760692	0.111772	0.281985	0.0605563	0.0287444	0.0366472	0.0338457	0.0663051	0.0594368	0.0253992	0.0906092	0.0371513	0.0365402	0.0491673	0.0449806	0.0717699	0.0257584	
0.00209923	0.00145432	0.00299243	0.0026324	0.00779864	0.0118655	0.00200055	0.00213912	0.00741794	0.00312451	0.00387896	0.00339256	0.0129342	0.00533499	0.0179	0.0162403	0.0164815	0.0256741	0.0419769	0.0140836	0.1045	0.00681549	0.144442	0.0167431	0.0453173	0.173959	0.154763	0.004441	0.0065678	0.00217056	0.0260348	0.0129335	0.0380928	0.0021913	0.00480522	0.00548079	0.0116591	0.032739	0.0211877	0.0255711	0.0121584	0.0362397	0.0151487	0.00478183	0.00518357	0.00512395	0.005413	0.00362396	0.00145799	0.00174566	0.00924953	0.00139155	0.00284882	0.0123351	0.0069745	0.00444493	0.00742208	
0.0324237	0.0404563	0.0102999	0.034912	0.00661371	0.030246	0.0179635	0.0228243	0.0223867	0.015663	0.00513471	0.0054294	0.0244049	0.0129596	0.0197177	0.00669376	0.036698	0.0231411	0.0159362	0.0227642	0.0334502	0.0399642	0.00905087	0.0270422	0.05445	0.0188006	0.0372626	0.0157326	0.0444012	0.0305907	0.162996	0.00184839	0.076009	0.0164275	0.010756	0.0264817	0.0312992	0.00924881	0.0243998	0.0259618	0.0199993	0.0670329	0.0165288	0.0338955	0.0183549	0.0168901	0.0293753	0.0161912	0.0385323	0.00433248	0.0255224	0.0363108	0.0133664	0.0128597	0.0329198	0.0288979	0.0681736	
0.00955865	0.00582638	0.0112211	0.000744377	0.000209187	0.0228476	0.007701	0.0160983	0.00106772	0.00842896	0.0114841	0.0252835	0.0254994	0.00349459	0.0156021	0.00362312	0.0080797	0.0154797	0.136714	0.00194573	0.0180488	0.00521849	0.00322199	0.0110211	0.0122394	0.123518	0.00920333	0.00985201	0.0227362	0.00721382	0.00932303	0.0261942	0.00884847	0.00612517	0.00387764	0.000862539	0.00173655	0.0408834	0.0194264	0.00440946	0.00909222	0.0127218	0.00956289	0.00838232	0.0072493	0.00552082	0.00390451	0.00777989	0.0195351	0.00351476	0.00377668	0.00722307	0.0074982	0.00627087	0.00725419	0.00123694	0.00358719	
0.0522061	0.0325282	0.0408838	0.0196725	0.034263	0.0175267	0.0458388	0.0553589	0.0348814	0.0186224	0.0461104	0.0308008	0.034596	0.029332	0.0768765	0.0969939	0.0331522	0.0261558	0.0291665	0.076066	0.0919786	0.107139	0.138544	0.0656405	0.0908477	0.128691	0.0818767	0.0301492	0.475602	0.118539	0.0445825	0.059513	0.134385	0.141016	0.0257964	0.140744	0.0486992	0.0325069	0.115949	0.24682	0.0272051	0.270148	0.0165526	0.0358357	0.0711121	0.0236371	0.026998	0.0799919	0.0161027	0.0187137	0.0254305	0.0894238	0.0116086	0.0570027	0.051684	0.0125362	0.047547	
0.0348039	0.0288162	0.0338408	0.0343196	0.0520024	0.0403407	0.0338973	0.0381194	0.0140754	0.0168	0.0274586	0.0456282	0.0138631	0.0140556	0.0254957	0.0170913	0.072005	0.0826319	0.0514355	0.0207533	0.0634161	0.0193699	0.019074	0.0401437	0.0899337	0.0934124	0.105954	0.0627442	0.0427931	0.0647694	0.0585031	0.143228	0.087876	0.00908481	0.0157145	0.13262	0.0767338	0.0257033	0.0274939	0.0818172	0.0559213	0.101947	0.0345458	0.040159	0.0410667	0.0284914	0.0105055	0.0512726	0.0261444	0.0332527	0.0291791	0.0379955	0.0334166	0.0281426	0.0218611	0.0145676	0.0403327	
0.0851358	0.0925232	0.0375334	0.0698862	0.0815659	0.0683744	0.0915543	0.0603717	0.0531813	0.0640286	0.0927956	0.0785472	0.0688228	0.0602416	116.442	97.5903	111.602	107.023	106.568	116.576	115.229	116.094	61.3783	111.656	110.648	117.231	115.745	97.334	103.411	116.592	95.0008	103.226	109.485	115.315	0.830858	73.8088	118.135	115.982	69.2749	115.346	116.564	116.449	115.755	0.0822036	0.0843282	0.073284	0.0660708	0.0901664	0.070188	0.0645629	0.0368531	0.0655638	0.0718831	0.0802379	0.0776091	0.0831428	0.089635	
5.05533e-05	7.47034e-10	0.00208275	1.38052e-06	3.05518e-10	2.80957e-08	3.9912e-05	0.00623092	8.82487e-06	2.82873e-05	0.00204403	0.00350122	6.37341e-05	9.06204e-05	0.00225905	1.20338e-07	5.58284e-05	7.81943e-07	3.84553e-05	1.78684e-05	0.000554662	0.000267035	0.000363696	0.000177383	0.00390473	0.0226304	0.00353749	0.00418204	2.30007e-11	2.75875e-05	8.46532e-09	0.00061759	0.00577076	0.00250717	0.000292091	7.32277e-10	0.00218468	0.000618663	0.0107514	3.64926e-06	2.71569e-05	9.69507e-11	0.00580819	1.8844e-06	0.00742055	1.36216e-08	1.52778e-06	0.000477126	0.00840159	0.000301379	0.00373027	0.00255007	0.00243322	0.000399948	6.23521e-08	2.16303e-06	0.00287963	
0.0498443	0.106058	0.0450617	0.0675268	0.0336431	0.032718	0.0301244	0.0427205	0.11032	0.048292	0.0562023	0.067863	0.0703509	0.105468	0.18828	0.0547263	0.289159	0.212491	0.347548	0.0892704	0.122762	0.114638	0.0632332	0.0891873	0.060395	0.0934136	0.0983723	0.113048	0.190754	0.211042	0.240198	0.0633972	0.0483881	0.0479152	0.0362772	0.127242	0.342158	0.0806903	0.319731	0.0675947	0.187137	0.245472	0.130188	0.0460849	0.122896	0.026631	0.0725016	0.0796081	0.0491321	0.0824698	0.0282805	0.046518	0.0507546	0.0841609	0.109588	0.0508302	0.0421421	
0.0268381	0.043265	0.0163773	0.041821	0.0320429	0.0473659	0.0432352	0.0574099	0.0314744	0.0426695	0.0344307	0.027523	0.0359642	0.0794912	0.0635258	0.0742382	0.0180893	0.0644087	0.0252678	0.0952754	0.0385485	0.0165147	0.0982957	0.0922466	0.0516977	0.0431949	0.0535427	0.0310726	0.130038	0.075859	0.0599374	0.166346	0.0454895	0.0536508	0.0532433	0.0265092	0.0583203	0.0499186	0.0468994	0.0443525	0.0414355	0.0224829	0.0278716	0.449569	0.339461	0.132968	0.150776	0.0719734	0.0766304	0.986033	0.438766	0.25531	1.10477	0.114226	1.46245	0.100891	0.0679038	
0.0743902	0.124535	0.0994067	0.0691932	0.0927029	0.101033	0.0777789	0.113223	0.150322	0.106393	0.118623	0.0761996	0.10528	0.100855	1.39898	21.3656	5.39658	10.5062	10.6801	0.742636	2.27657	2.44988	56.1698	6.68564	5.86067	0.325687	1.35302	20.1217	12.8086	0.837234	21.5222	15.2795	7.5631	2.12487	117.859	43.8378	0.464607	1.22429	47.9933	3.00042	2.40087	0.933834	0.385029	0.0964333	0.118909	0.128395	0.0998532	0.120189	0.132918	0.0661656	0.0598055	0.124076	0.0824107	0.0773339	0.0877821	0.11961	0.0879735	
0.171509	0.176419	0.12211	0.135293	0.155203	0.0762068	0.12004	0.0746311	0.176419	0.0976451	0.11305	0.108277	0.104029	0.16851	0.222604	0.172154	0.372759	0.594051	0.433248	0.298859	0.332478	0.390532	0.0940054	0.213974	0.35303	0.218449	0.247186	0.348529	0.174347	0.18881	0.290244	0.142901	0.31025	0.228601	0.309366	0.564549	0.206728	0.23359	0.179398	0.217105	0.100347	0.176285	0.333109	0.216767	0.136018	0.105231	0.163815	0.0938894	0.106641	0.0802413	0.103604	0.134555	0.13342	0.116187	0.114804	0.216905	0.121712	
0.0983952	0.0665705	0.108467	0.0747795	0.118301	0.0645076	0.0701849	0.0804636	0.0835561	0.0930462	0.08003	0.0815063	0.125064	0.0817671	0.11523	0.0613804	0.0750882	0.106096	0.0747843	0.0957066	0.12772	0.0794538	0.0496828	0.084227	0.0722909	0.106956	0.128572	0.0806619	0.0926627	0.10626	0.0995267	0.0984653	0.107429	0.116078	0.0647382	0.095521	0.0626649	0.0951104	0.123168	0.0954529	0.106298	0.128043	0.0629712	21.1711	13.9274	23.5153	21.5893	20.6431	21.1881	24.367	18.9612	21.2471	20.2074	23.6525	20.437	21.3203	21.4031	
0.0281348	0.0314335	0.0101174	0.0296034	0.00131992	0.00788651	0.0195401	0.00853995	0.00555282	0.0106947	0.0233303	0.015575	0.0309204	0.00960961	0.1441	0.113856	0.0106597	0.160244	0.106139	0.138956	0.056309	0.0209381	0.0184048	0.0655442	0.00426714	0.00819837	0.0412177	0.0193322	0.0517056	0.0266198	0.0347568	0.0212914	0.0231749	0.248253	0.0479108	0.00548727	0.01584	0.0144454	0.0385952	0.0217675	0.0126014	0.0625515	0.00557357	0.00614447	0.0232015	0.0255107	0.0385792	0.0350163	0.010277	0.0257506	0.00686184	0.0261625	0.035808	0.0186107	0.0254215	0.035131	0.00711959	
