0.0323823	0.0155561	0.0187735	0.00857638	0.0178448	0.00396926	0.00983595	0.00524715	0.0203326	0.0095686	0.0311004	0.0179223	0.002801	0.00415324	0.00717955	0.0173426	0.0442043	0.000898059	0.0103908	0.015428	0.00353203	0.0356626	0.0102674	0.0231407	0.0103543	0.0115221	0.107243	0.00521292	0.0352718	0.00442004	0.0141065	0.00222113	0.0145429	0.0146424	0.0142734	0.00958587	0.00457309	0.0099796	0.0289283	0.0133291	0.0183666	0.0463103	0.0113869	0.00493163	0.0184243	0.00167224	0.0158678	0.00316121	0.00367233	0.00400496	0.00156616	0.00309301	
0.0040965	0.0233401	0.00574068	0.00293756	0.00685519	0.0138837	0.00291005	0.00401624	0.02351	0.010891	0.00935288	0.00219205	0.00278944	0.00273173	0.0191382	0.000377079	0.0042118	0.00867256	0.0033524	0.0462423	0.0127725	0.0119757	0.000410664	0.00409909	0.0239504	0.00931491	0.00554822	0.00571206	0.00461754	0.0371502	0.00451882	0.0541133	0.000229013	0.00677921	0.00149949	0.000364954	0.0155149	0.00359491	0.00333554	0.0076996	0.00448078	0.00138088	0.000403506	0.00156042	0.00461522	0.000488248	0.015515	0.00195426	0.00207693	0.00544448	0.000475225	0.00730735	
3.22898e-07	0.00134482	0.000591106	0.000736174	0.000135385	0.000324475	0.000413823	4.57625e-07	0.0023902	0.000354306	0.0136455	4.98982e-07	3.76728e-05	9.47329e-07	4.76829e-05	4.56479e-05	4.14532e-05	2.23896e-06	3.85099e-07	0.000676121	0.000362944	0.00107373	1.42134e-07	1.11869e-06	0.000190847	0.000135169	0.000140645	2.37772e-06	0.00021785	1.92311e-05	0.000488617	0.000168764	0.000181191	4.66213e-05	2.04205e-05	2.44316e-05	3.34595e-05	0.000690818	5.61835e-05	2.5483e-06	3.90259e-07	3.33671e-05	4.65575e-05	4.59526e-05	0.00392774	1.966e-05	0.00279648	0.000262706	0.000601325	1.49099e-05	0.00444913	5.70647e-05	
58.1026	58.34	58.9312	59.4223	59.6233	59.4436	58.9953	58.6339	57.7829	58.0789	58.3962	58.8967	58.8882	0.187275	0.119261	0.115399	0.125059	0.119034	0.0918958	0.0768269	0.0852314	0.105212	0.0938362	0.110558	0.0903002	0.0744276	0.148046	0.114106	0.105715	0.122835	0.130287	0.0801521	0.182859	0.0808283	0.107586	0.128688	0.0846661	0.110087	0.134934	0.131916	0.087211	0.177045	0.141127	0.0873021	0.119001	0.117487	0.0932927	0.0638161	0.111791	0.0867365	0.105504	0.132408	
9.91872e-08	1.52501e-06	5.82439e-07	5.39038e-05	6.99329e-15	7.07661e-06	1.14206e-07	7.42777e-06	1.52244e-05	1.03174e-06	6.65314e-06	0.000340874	4.89787e-11	7.50729e-06	7.5883e-07	0.000134604	6.72775e-06	0.000196575	1.05179e-05	8.7098e-13	0.000708857	5.77114e-12	0.000616692	2.5869e-09	1.45109e-10	1.23883e-10	2.13789e-09	5.63619e-09	8.14412e-06	1.24609e-11	4.96113e-07	4.2488e-06	9.31857e-07	0.00161142	1.10974e-11	0.00020406	0.00246901	1.21488e-06	0.000674505	0.000980356	1.18763e-11	0.00452114	1.16364e-07	3.65397e-07	2.27357e-12	3.97748e-09	1.13276e-10	3.42549e-05	0.000182162	2.32306e-06	0.000112035	3.00585e-05	
0.0894975	0.104614	0.0979032	0.0578695	0.0750561	0.0815445	0.106327	0.0614551	0.0800716	0.110226	0.0658059	0.0894878	0.0611693	0.0857486	0.0937893	0.0539103	0.0709666	0.0791663	0.108162	0.046249	0.11244	0.090852	0.136581	0.0836227	0.120628	0.0831268	0.0644367	0.103154	0.115464	0.100915	0.0992632	0.106443	0.0990341	0.108749	0.0859235	0.0828322	0.0988969	0.0686043	0.0940428	57.6794	59.48	57.5612	58.6547	58.0663	59.2592	58.9015	58.1055	58.883	57.4183	58.0424	58.2987	58.6103	
2.37572e-08	0.00387311	0.000107226	5.16047e-05	0.0033491	0.0498055	2.2318e-05	0.0009213	0.00597767	5.56799e-05	0.000699596	2.33222e-05	5.00661e-07	2.53033e-05	4.11337e-06	0.000354037	0.00715384	6.07629e-05	0.000120005	0.00134398	7.27208e-05	5.58667e-07	9.57889e-05	5.99952e-06	3.1484e-07	3.60553e-08	0.00287715	0.000128862	0.000795699	0.000363607	0.0196571	2.50492e-06	0.00222457	0.000162052	0.000424822	5.46721e-06	4.38366e-05	0.00020031	0.00018708	0.000596889	0.00556968	2.66604e-08	4.59371e-05	0.0137578	0.000539863	0.0143231	0.00114407	1.66354e-07	0.00826007	4.81028e-05	0.00012157	0.0684233	
0.0078833	0.000729788	0.00180755	0.00295903	0.00868493	0.00421274	0.00771719	0.00955764	0.000585735	0.0195992	0.00444382	0.00294102	0.00739899	0.0412233	0.00686158	0.0324	0.00906397	0.00625438	0.00185744	0.00372357	0.000390063	0.0152861	0.0270346	0.0101871	0.00320803	0.00386725	0.0126536	0.00226014	0.00593064	0.0261048	0.00432718	0.0132036	0.0266001	0.000495983	0.00939947	0.00425623	0.010852	0.0190736	0.0226249	0.00300751	0.00331397	0.00790058	0.0154688	0.0186199	0.040063	0.0265082	0.00987151	0.0020357	0.00364529	0.0363425	0.0119604	0.00213638	
1e-15	1e-15	1e-15	1e-15	1e-15	1e-15	1e-15	1e-15	1e-15	1e-15	1e-15	1e-15	1e-15	1.20018e-15	1e-15	1e-15	1e-15	1e-15	1e-15	1e-15	1e-15	1e-15	9.03729e-11	1e-15	1e-15	1e-15	2.20489e-11	3.01589e-06	1e-15	1e-15	1e-15	2.57839e-12	1e-15	1e-15	1e-15	1e-15	2.58289e-10	4.75035e-12	1e-15	1e-15	1e-15	1e-15	1e-15	1e-15	1e-15	1e-15	1e-15	2.60402e-15	1e-15	1e-15	6.77258e-10	0.000721298	
0.000521425	0.000544441	0.000131912	0.00669569	0.000442407	4.31676e-07	0.000138744	0.00211485	9.77961e-05	0.00352873	0.000524486	0.00519343	0.000218063	0.0257454	0.00146324	0.000280499	0.00153262	0.00162213	2.20863e-05	0.00148187	4.346e-05	0.00191696	9.40444e-11	0.00246521	0.00580166	0.011902	8.06672e-05	1.33304e-05	0.000119356	7.36655e-07	0.0233758	0.000881658	0.00303285	6.76321e-06	9.34968e-06	0.0108024	5.74116e-05	0.0013519	3.28666e-05	0.000517183	0.00144458	0.000183221	0.00270333	0.000192055	0.00343223	8.0467e-11	0.000958656	0.000961773	0.000794047	0.000665744	0.000466786	0.00097347	
1.63692e-05	0.000843822	0.00848012	6.6081e-05	0.00134824	0.000249451	0.000150151	0.00184084	0.000196225	7.47407e-05	0.000113388	0.00197364	0.0123761	0.00185852	0.00134511	0.00135406	0.00278272	0.00133133	0.000556056	0.000239068	0.00101435	1.58318e-06	6.23302e-06	0.0048202	0.000210582	1.75222e-05	0.000194215	0.000204118	0.000653038	6.94714e-05	0.00139062	9.18542e-05	2.36719e-05	0.000114216	0.000415064	0.000625384	0.010024	0.00314591	0.00117254	3.37508e-05	2.99179e-05	0.000280702	3.58912e-05	2.86699e-05	0.0158323	0.00627233	0.0104183	9.43184e-07	0.000545158	0.000152112	7.45558e-05	3.89931e-07	
0.00490204	0.00290555	0.00436923	0.000370309	0.00769799	3.38902e-05	0.0074155	0.00487305	0.010816	1.94176e-05	0.000810401	0.000142856	3.61696e-05	1.87089e-08	0.00126489	0.010002	0.00273203	1.39942e-07	0.00129162	1.52236e-06	0.000346815	3.27232e-05	2.05706e-05	0.00196621	0.0160286	6.58768e-05	0.00241587	3.77018e-05	0.000684124	0.000435447	3.6183e-06	0.000211005	7.75499e-08	5.64475e-05	0.000346157	0.000411265	5.27579e-05	5.05752e-05	0.00552632	3.22405e-05	0.00146897	0.0334812	0.000268075	0.00207971	0.00015454	0.00187983	2.37674e-07	1.63299e-05	0.00531069	0.00428879	0.00418931	0.001985	
0.178217	0.188768	0.209302	0.252365	0.191597	0.221537	0.187653	0.191259	0.200532	0.22001	0.176045	0.170077	0.159778	119.021	117.772	119.356	118.306	117.841	119.052	118.929	118.493	119.031	118.557	118.448	119.282	118.399	117.166	117.414	119.24	119.816	118.702	118.418	118.275	119.106	118.398	119.122	118.712	118.634	117.823	0.168934	0.175452	0.201891	0.17571	0.207774	0.15849	0.196258	0.187481	0.168216	0.202403	0.207927	0.123868	0.182263	
5.16088e-05	0.0110091	0.000981089	0.00630245	0.00319598	0.00508816	0.00945677	0.00610934	0.00106736	0.00285901	0.0103195	0.0188198	0.0163151	0.00703581	0.0020912	0.00402275	0.00103432	0.00147042	0.00448333	0.00151458	0.00252693	0.000146024	0.000409082	0.00174773	0.0177148	0.00233315	0.000200149	0.000517287	0.00343635	0.000365149	0.00637923	0.00372371	0.00221726	0.00618645	0.00406925	0.0208702	0.00469264	7.17136e-05	0.0014932	0.0270687	0.000458841	0.00597085	0.00778629	0.00407477	0.0139621	0.000147966	0.00157946	0.0154895	0.00637007	0.000885964	0.000964544	0.00477991	
0.00273573	0.000367484	0.000274269	0.00031353	2.10181e-12	0.00731972	0.00738419	1.07505e-05	0.000272465	1.7923e-11	0.0179357	0.000145463	0.00139233	2.74427e-06	0.000201186	0.000157152	1.56251e-05	0.000325591	0.0171075	7.27398e-05	0.000289727	3.01396e-06	0.00177353	0.00205773	0.000803943	7.05371e-05	7.1332e-08	0.00314067	0.000419516	0.00428407	0.000796321	0.00203983	0.00633304	0.00358302	9.08046e-05	0.000219973	4.86203e-07	0.0233322	3.3201e-05	0.0144802	0.000456052	9.11068e-05	0.000222976	1.11559e-09	0.000534286	0.000225864	0.00117408	0.00226642	8.29313e-06	0.000104853	0.000173812	8.21797e-05	
3.90097e-05	1.96233e-07	1.93963e-05	2.78649e-05	0.00559881	2.5634e-05	5.3158e-06	0.000324311	0.00177429	0.0270232	0.00352122	9.03474e-06	0.0198525	0.00241078	3.35093e-07	2.41287e-05	0.00473454	0.000899399	0.000686404	0.00730233	0.000303468	0.00168089	1.50579e-05	0.0376397	0.012036	1.09145e-06	0.0033208	0.00455956	0.00226929	3.76659e-05	0.00709254	0.000993621	0.000981821	0.00014096	0.000119441	2.93761e-05	2.09682e-05	0.00348651	0.00784373	4.90964e-09	0.00406428	0.00165364	0.00164178	0.00158114	0.00070239	0.00110856	0.00157425	0.000617641	0.00634122	0.000836266	0.00516481	0.00346416	
0.0342031	0.0319405	0.0256406	0.0251394	0.0325028	0.0160317	0.0113133	0.0174852	0.0242637	0.00385141	0.0215857	0.046059	0.0144192	0.019519	0.00828854	0.0107434	0.0383687	0.104168	0.0355397	0.0655691	0.0977741	0.00963206	0.0691957	0.0315322	0.0117653	0.105046	0.0385353	0.0775973	0.0105493	0.0106156	0.0515933	0.0393158	0.0352521	0.0483923	0.0236058	0.0157105	0.0180868	0.010604	0.0348505	0.0110789	0.0444893	0.0533167	0.0259894	0.012249	0.0411101	0.00839754	0.0205592	0.0178869	0.0238246	0.0269683	0.00641966	0.00749901	
0.0124102	0.0220723	0.0226283	0.00635959	0.0314621	0.0150571	0.0489953	0.00985595	0.00886809	0.0248063	0.00910961	0.0135619	0.026345	0.0205702	0.0126468	0.0353397	0.0164257	0.0158744	0.00682853	0.0183596	0.0602383	0.0197946	0.0164707	0.00732664	0.0603111	0.012996	0.049188	0.00625722	0.0523637	0.107445	0.0745239	0.0105141	0.00976677	0.0309328	0.0180057	0.0415159	0.0221669	0.0136507	0.0123209	0.0212914	0.0403047	0.0035822	0.0194777	0.0302916	0.00939773	0.0122286	0.0104502	0.0391669	0.0279881	0.0166923	0.0132452	0.0101341	
1.20267e-07	0.0047424	1.57043e-05	0.000315553	0.00128625	0.000964812	0.00011056	0.00191489	0.0149373	5.97342e-05	0.000137508	7.16758e-08	0.00101258	0.00011737	0.00175195	2.99827e-06	7.00872e-05	0.00302132	0.00978253	8.73571e-05	0.018646	3.11228e-11	0.0111288	8.30822e-05	6.27391e-05	0.0067552	0.000917768	0.000248897	5.83291e-05	3.53974e-05	1.1591e-06	0.00218059	0.000443952	0.000245501	8.78859e-06	0.000315897	0.0075933	0.00129247	0.00020373	5.3397e-05	3.50044e-05	4.08369e-06	0.00380166	0.000183313	8.8065e-06	0.0238524	0.0153898	0.000564687	0.00405051	0.000655934	0.000671349	0.000428634	
0.0126857	0.00228595	0.000963074	0.00299971	0.00318802	0.00939658	0.0179862	0.00108544	0.000474365	8.20818e-05	0.00943981	0.0006715	0.00100734	0.000879821	0.0095291	0.00121464	0.000695776	0.0249971	0.0157428	7.77019e-06	0.000859006	0.000349151	0.00458867	0.0288557	0.00330402	0.00072649	0.000896413	0.00725391	0.00160118	0.000283928	0.00523494	0.0112964	0.00172439	0.0013862	7.31699e-05	0.00103114	0.000662915	0.000136161	0.00192104	0.000302341	0.00327593	7.14622e-05	0.00384219	0.00827787	0.000519608	0.00586235	0.0439852	0.0232572	0.000580153	0.0326342	0.00644165	0.00159628	
