33	48	600
0	0	5.0
0	1	5.0
0	2	5.0
0	3	5.0
0	4	5.0
0	5	5.0
0	6	5.0
0	7	5.0
0	8	5.0
0	9	5.0
0	10	5.0
0	11	5.0
1	0	5.0
1	1	5.0
1	2	5.0
1	3	5.0
1	4	5.0
1	5	5.0
1	6	5.0
1	7	5.0
1	8	5.0
1	9	5.0
1	10	5.0
1	11	5.0
2	0	5.0
2	1	5.0
2	2	5.0
2	3	5.0
2	4	5.0
2	5	5.0
2	6	5.0
2	7	5.0
2	8	5.0
2	9	5.0
2	10	5.0
2	11	5.0
3	0	5.0
3	1	5.0
3	2	5.0
3	3	5.0
3	4	5.0
3	5	5.0
3	6	5.0
3	7	5.0
3	8	5.0
3	9	5.0
3	10	5.0
3	11	5.0
4	0	5.0
4	1	5.0
4	2	5.0
4	3	5.0
4	4	5.0
4	5	5.0
4	6	5.0
4	7	5.0
4	8	5.0
4	9	5.0
4	10	5.0
4	11	5.0
5	0	5.0
5	1	5.0
5	2	5.0
5	3	5.0
5	4	5.0
5	5	5.0
5	6	5.0
5	7	5.0
5	8	5.0
5	9	5.0
5	10	5.0
5	11	5.0
6	0	5.0
6	1	5.0
6	2	5.0
6	3	5.0
6	4	5.0
6	5	5.0
6	6	5.0
6	7	5.0
6	8	5.0
6	9	5.0
6	10	5.0
6	11	5.0
7	0	5.0
7	1	5.0
7	2	5.0
7	3	5.0
7	4	5.0
7	5	5.0
7	6	5.0
7	7	5.0
7	8	5.0
7	9	5.0
7	10	5.0
7	11	5.0
8	12	5.0
8	13	5.0
8	14	5.0
8	15	5.0
8	16	5.0
8	17	5.0
8	18	5.0
8	19	5.0
8	20	5.0
8	21	5.0
8	22	5.0
8	23	5.0
8	24	5.0
8	25	5.0
8	26	5.0
8	27	5.0
8	28	5.0
8	29	5.0
8	30	5.0
8	31	5.0
8	32	5.0
8	33	5.0
8	34	5.0
8	35	5.0
9	12	5.0
9	13	5.0
9	14	5.0
9	15	5.0
9	16	5.0
9	17	5.0
9	18	5.0
9	19	5.0
9	20	5.0
9	21	5.0
9	22	5.0
9	23	5.0
9	24	5.0
9	25	5.0
9	26	5.0
9	27	5.0
9	28	5.0
9	29	5.0
9	30	5.0
9	31	5.0
9	32	5.0
9	33	5.0
9	34	5.0
9	35	5.0
10	12	5.0
10	13	5.0
10	14	5.0
10	15	5.0
10	16	5.0
10	17	5.0
10	18	5.0
10	19	5.0
10	20	5.0
10	21	5.0
10	22	5.0
10	23	5.0
10	24	5.0
10	25	5.0
10	26	5.0
10	27	5.0
10	28	5.0
10	29	5.0
10	30	5.0
10	31	5.0
10	32	5.0
10	33	5.0
10	34	5.0
10	35	5.0
11	12	5.0
11	13	5.0
11	14	5.0
11	15	5.0
11	16	5.0
11	17	5.0
11	18	5.0
11	19	5.0
11	20	5.0
11	21	5.0
11	22	5.0
11	23	5.0
11	24	5.0
11	25	5.0
11	26	5.0
11	27	5.0
11	28	5.0
11	29	5.0
11	30	5.0
11	31	5.0
11	32	5.0
11	33	5.0
11	34	5.0
11	35	5.0
12	12	5.0
12	13	5.0
12	14	5.0
12	15	5.0
12	16	5.0
12	17	5.0
12	18	5.0
12	19	5.0
12	20	5.0
12	21	5.0
12	22	5.0
12	23	5.0
12	24	5.0
12	25	5.0
12	26	5.0
12	27	5.0
12	28	5.0
12	29	5.0
12	30	5.0
12	31	5.0
12	32	5.0
12	33	5.0
12	34	5.0
12	35	5.0
13	12	5.0
13	13	5.0
13	14	5.0
13	15	5.0
13	16	5.0
13	17	5.0
13	18	5.0
13	19	5.0
13	20	5.0
13	21	5.0
13	22	5.0
13	23	5.0
13	24	5.0
13	25	5.0
13	26	5.0
13	27	5.0
13	28	5.0
13	29	5.0
13	30	5.0
13	31	5.0
13	32	5.0
13	33	5.0
13	34	5.0
13	35	5.0
14	12	5.0
14	13	5.0
14	14	5.0
14	15	5.0
14	16	5.0
14	17	5.0
14	18	5.0
14	19	5.0
14	20	5.0
14	21	5.0
14	22	5.0
14	23	5.0
14	24	5.0
14	25	5.0
14	26	5.0
14	27	5.0
14	28	5.0
14	29	5.0
14	30	5.0
14	31	5.0
14	32	5.0
14	33	5.0
14	34	5.0
14	35	5.0
15	12	5.0
15	13	5.0
15	14	5.0
15	15	5.0
15	16	5.0
15	17	5.0
15	18	5.0
15	19	5.0
15	20	5.0
15	21	5.0
15	22	5.0
15	23	5.0
15	24	5.0
15	25	5.0
15	26	5.0
15	27	5.0
15	28	5.0
15	29	5.0
15	30	5.0
15	31	5.0
15	32	5.0
15	33	5.0
15	34	5.0
15	35	5.0
16	12	5.0
16	13	5.0
16	14	5.0
16	15	5.0
16	16	5.0
16	17	5.0
16	18	5.0
16	19	5.0
16	20	5.0
16	21	5.0
16	22	5.0
16	23	5.0
16	24	5.0
16	25	5.0
16	26	5.0
16	27	5.0
16	28	5.0
16	29	5.0
16	30	5.0
16	31	5.0
16	32	5.0
16	33	5.0
16	34	5.0
16	35	5.0
17	12	5.0
17	13	5.0
17	14	5.0
17	15	5.0
17	16	5.0
17	17	5.0
17	18	5.0
17	19	5.0
17	20	5.0
17	21	5.0
17	22	5.0
17	23	5.0
17	24	5.0
17	25	5.0
17	26	5.0
17	27	5.0
17	28	5.0
17	29	5.0
17	30	5.0
17	31	5.0
17	32	5.0
17	33	5.0
17	34	5.0
17	35	5.0
18	12	5.0
18	13	5.0
18	14	5.0
18	15	5.0
18	16	5.0
18	17	5.0
18	18	5.0
18	19	5.0
18	20	5.0
18	21	5.0
18	22	5.0
18	23	5.0
18	24	5.0
18	25	5.0
18	26	5.0
18	27	5.0
18	28	5.0
18	29	5.0
18	30	5.0
18	31	5.0
18	32	5.0
18	33	5.0
18	34	5.0
18	35	5.0
19	12	5.0
19	13	5.0
19	14	5.0
19	15	5.0
19	16	5.0
19	17	5.0
19	18	5.0
19	19	5.0
19	20	5.0
19	21	5.0
19	22	5.0
19	23	5.0
19	24	5.0
19	25	5.0
19	26	5.0
19	27	5.0
19	28	5.0
19	29	5.0
19	30	5.0
19	31	5.0
19	32	5.0
19	33	5.0
19	34	5.0
19	35	5.0
20	12	5.0
20	13	5.0
20	14	5.0
20	15	5.0
20	16	5.0
20	17	5.0
20	18	5.0
20	19	5.0
20	20	5.0
20	21	5.0
20	22	5.0
20	23	5.0
20	24	5.0
20	25	5.0
20	26	5.0
20	27	5.0
20	28	5.0
20	29	5.0
20	30	5.0
20	31	5.0
20	32	5.0
20	33	5.0
20	34	5.0
20	35	5.0
21	12	5.0
21	13	5.0
21	14	5.0
21	15	5.0
21	16	5.0
21	17	5.0
21	18	5.0
21	19	5.0
21	20	5.0
21	21	5.0
21	22	5.0
21	23	5.0
21	24	5.0
21	25	5.0
21	26	5.0
21	27	5.0
21	28	5.0
21	29	5.0
21	30	5.0
21	31	5.0
21	32	5.0
21	33	5.0
21	34	5.0
21	35	5.0
22	12	5.0
22	13	5.0
22	14	5.0
22	15	5.0
22	16	5.0
22	17	5.0
22	18	5.0
22	19	5.0
22	20	5.0
22	21	5.0
22	22	5.0
22	23	5.0
22	24	5.0
22	25	5.0
22	26	5.0
22	27	5.0
22	28	5.0
22	29	5.0
22	30	5.0
22	31	5.0
22	32	5.0
22	33	5.0
22	34	5.0
22	35	5.0
23	12	5.0
23	13	5.0
23	14	5.0
23	15	5.0
23	16	5.0
23	17	5.0
23	18	5.0
23	19	5.0
23	20	5.0
23	21	5.0
23	22	5.0
23	23	5.0
23	24	5.0
23	25	5.0
23	26	5.0
23	27	5.0
23	28	5.0
23	29	5.0
23	30	5.0
23	31	5.0
23	32	5.0
23	33	5.0
23	34	5.0
23	35	5.0
24	12	5.0
24	13	5.0
24	14	5.0
24	15	5.0
24	16	5.0
24	17	5.0
24	18	5.0
24	19	5.0
24	20	5.0
24	21	5.0
24	22	5.0
24	23	5.0
24	24	5.0
24	25	5.0
24	26	5.0
24	27	5.0
24	28	5.0
24	29	5.0
24	30	5.0
24	31	5.0
24	32	5.0
24	33	5.0
24	34	5.0
24	35	5.0
25	36	5.0
25	37	5.0
25	38	5.0
25	39	5.0
25	40	5.0
25	41	5.0
25	42	5.0
25	43	5.0
25	44	5.0
25	45	5.0
25	46	5.0
25	47	5.0
26	36	5.0
26	37	5.0
26	38	5.0
26	39	5.0
26	40	5.0
26	41	5.0
26	42	5.0
26	43	5.0
26	44	5.0
26	45	5.0
26	46	5.0
26	47	5.0
27	36	5.0
27	37	5.0
27	38	5.0
27	39	5.0
27	40	5.0
27	41	5.0
27	42	5.0
27	43	5.0
27	44	5.0
27	45	5.0
27	46	5.0
27	47	5.0
28	36	5.0
28	37	5.0
28	38	5.0
28	39	5.0
28	40	5.0
28	41	5.0
28	42	5.0
28	43	5.0
28	44	5.0
28	45	5.0
28	46	5.0
28	47	5.0
29	36	5.0
29	37	5.0
29	38	5.0
29	39	5.0
29	40	5.0
29	41	5.0
29	42	5.0
29	43	5.0
29	44	5.0
29	45	5.0
29	46	5.0
29	47	5.0
30	36	5.0
30	37	5.0
30	38	5.0
30	39	5.0
30	40	5.0
30	41	5.0
30	42	5.0
30	43	5.0
30	44	5.0
30	45	5.0
30	46	5.0
30	47	5.0
31	36	5.0
31	37	5.0
31	38	5.0
31	39	5.0
31	40	5.0
31	41	5.0
31	42	5.0
31	43	5.0
31	44	5.0
31	45	5.0
31	46	5.0
31	47	5.0
32	36	5.0
32	37	5.0
32	38	5.0
32	39	5.0
32	40	5.0
32	41	5.0
32	42	5.0
32	43	5.0
32	44	5.0
32	45	5.0
32	46	5.0
32	47	5.0
