57	48	1032
0	0	5.0
0	1	5.0
0	2	5.0
0	3	5.0
0	4	5.0
0	5	5.0
0	6	5.0
0	7	5.0
0	8	5.0
0	9	5.0
0	10	5.0
0	11	5.0
1	0	5.0
1	1	5.0
1	2	5.0
1	3	5.0
1	4	5.0
1	5	5.0
1	6	5.0
1	7	5.0
1	8	5.0
1	9	5.0
1	10	5.0
1	11	5.0
2	0	5.0
2	1	5.0
2	2	5.0
2	3	5.0
2	4	5.0
2	5	5.0
2	6	5.0
2	7	5.0
2	8	5.0
2	9	5.0
2	10	5.0
2	11	5.0
3	0	5.0
3	1	5.0
3	2	5.0
3	3	5.0
3	4	5.0
3	5	5.0
3	6	5.0
3	7	5.0
3	8	5.0
3	9	5.0
3	10	5.0
3	11	5.0
4	0	5.0
4	1	5.0
4	2	5.0
4	3	5.0
4	4	5.0
4	5	5.0
4	6	5.0
4	7	5.0
4	8	5.0
4	9	5.0
4	10	5.0
4	11	5.0
5	0	5.0
5	1	5.0
5	2	5.0
5	3	5.0
5	4	5.0
5	5	5.0
5	6	5.0
5	7	5.0
5	8	5.0
5	9	5.0
5	10	5.0
5	11	5.0
6	0	5.0
6	1	5.0
6	2	5.0
6	3	5.0
6	4	5.0
6	5	5.0
6	6	5.0
6	7	5.0
6	8	5.0
6	9	5.0
6	10	5.0
6	11	5.0
7	0	5.0
7	1	5.0
7	2	5.0
7	3	5.0
7	4	5.0
7	5	5.0
7	6	5.0
7	7	5.0
7	8	5.0
7	9	5.0
7	10	5.0
7	11	5.0
8	0	5.0
8	1	5.0
8	2	5.0
8	3	5.0
8	4	5.0
8	5	5.0
8	6	5.0
8	7	5.0
8	8	5.0
8	9	5.0
8	10	5.0
8	11	5.0
9	0	5.0
9	1	5.0
9	2	5.0
9	3	5.0
9	4	5.0
9	5	5.0
9	6	5.0
9	7	5.0
9	8	5.0
9	9	5.0
9	10	5.0
9	11	5.0
10	0	5.0
10	1	5.0
10	2	5.0
10	3	5.0
10	4	5.0
10	5	5.0
10	6	5.0
10	7	5.0
10	8	5.0
10	9	5.0
10	10	5.0
10	11	5.0
11	0	5.0
11	1	5.0
11	2	5.0
11	3	5.0
11	4	5.0
11	5	5.0
11	6	5.0
11	7	5.0
11	8	5.0
11	9	5.0
11	10	5.0
11	11	5.0
12	0	5.0
12	1	5.0
12	2	5.0
12	3	5.0
12	4	5.0
12	5	5.0
12	6	5.0
12	7	5.0
12	8	5.0
12	9	5.0
12	10	5.0
12	11	5.0
13	0	5.0
13	1	5.0
13	2	5.0
13	3	5.0
13	4	5.0
13	5	5.0
13	6	5.0
13	7	5.0
13	8	5.0
13	9	5.0
13	10	5.0
13	11	5.0
14	12	5.0
14	13	5.0
14	14	5.0
14	15	5.0
14	16	5.0
14	17	5.0
14	18	5.0
14	19	5.0
14	20	5.0
14	21	5.0
14	22	5.0
14	23	5.0
14	24	5.0
14	25	5.0
14	26	5.0
14	27	5.0
14	28	5.0
14	29	5.0
14	30	5.0
14	31	5.0
14	32	5.0
14	33	5.0
14	34	5.0
14	35	5.0
15	12	5.0
15	13	5.0
15	14	5.0
15	15	5.0
15	16	5.0
15	17	5.0
15	18	5.0
15	19	5.0
15	20	5.0
15	21	5.0
15	22	5.0
15	23	5.0
15	24	5.0
15	25	5.0
15	26	5.0
15	27	5.0
15	28	5.0
15	29	5.0
15	30	5.0
15	31	5.0
15	32	5.0
15	33	5.0
15	34	5.0
15	35	5.0
16	12	5.0
16	13	5.0
16	14	5.0
16	15	5.0
16	16	5.0
16	17	5.0
16	18	5.0
16	19	5.0
16	20	5.0
16	21	5.0
16	22	5.0
16	23	5.0
16	24	5.0
16	25	5.0
16	26	5.0
16	27	5.0
16	28	5.0
16	29	5.0
16	30	5.0
16	31	5.0
16	32	5.0
16	33	5.0
16	34	5.0
16	35	5.0
17	12	5.0
17	13	5.0
17	14	5.0
17	15	5.0
17	16	5.0
17	17	5.0
17	18	5.0
17	19	5.0
17	20	5.0
17	21	5.0
17	22	5.0
17	23	5.0
17	24	5.0
17	25	5.0
17	26	5.0
17	27	5.0
17	28	5.0
17	29	5.0
17	30	5.0
17	31	5.0
17	32	5.0
17	33	5.0
17	34	5.0
17	35	5.0
18	12	5.0
18	13	5.0
18	14	5.0
18	15	5.0
18	16	5.0
18	17	5.0
18	18	5.0
18	19	5.0
18	20	5.0
18	21	5.0
18	22	5.0
18	23	5.0
18	24	5.0
18	25	5.0
18	26	5.0
18	27	5.0
18	28	5.0
18	29	5.0
18	30	5.0
18	31	5.0
18	32	5.0
18	33	5.0
18	34	5.0
18	35	5.0
19	12	5.0
19	13	5.0
19	14	5.0
19	15	5.0
19	16	5.0
19	17	5.0
19	18	5.0
19	19	5.0
19	20	5.0
19	21	5.0
19	22	5.0
19	23	5.0
19	24	5.0
19	25	5.0
19	26	5.0
19	27	5.0
19	28	5.0
19	29	5.0
19	30	5.0
19	31	5.0
19	32	5.0
19	33	5.0
19	34	5.0
19	35	5.0
20	12	5.0
20	13	5.0
20	14	5.0
20	15	5.0
20	16	5.0
20	17	5.0
20	18	5.0
20	19	5.0
20	20	5.0
20	21	5.0
20	22	5.0
20	23	5.0
20	24	5.0
20	25	5.0
20	26	5.0
20	27	5.0
20	28	5.0
20	29	5.0
20	30	5.0
20	31	5.0
20	32	5.0
20	33	5.0
20	34	5.0
20	35	5.0
21	12	5.0
21	13	5.0
21	14	5.0
21	15	5.0
21	16	5.0
21	17	5.0
21	18	5.0
21	19	5.0
21	20	5.0
21	21	5.0
21	22	5.0
21	23	5.0
21	24	5.0
21	25	5.0
21	26	5.0
21	27	5.0
21	28	5.0
21	29	5.0
21	30	5.0
21	31	5.0
21	32	5.0
21	33	5.0
21	34	5.0
21	35	5.0
22	12	5.0
22	13	5.0
22	14	5.0
22	15	5.0
22	16	5.0
22	17	5.0
22	18	5.0
22	19	5.0
22	20	5.0
22	21	5.0
22	22	5.0
22	23	5.0
22	24	5.0
22	25	5.0
22	26	5.0
22	27	5.0
22	28	5.0
22	29	5.0
22	30	5.0
22	31	5.0
22	32	5.0
22	33	5.0
22	34	5.0
22	35	5.0
23	12	5.0
23	13	5.0
23	14	5.0
23	15	5.0
23	16	5.0
23	17	5.0
23	18	5.0
23	19	5.0
23	20	5.0
23	21	5.0
23	22	5.0
23	23	5.0
23	24	5.0
23	25	5.0
23	26	5.0
23	27	5.0
23	28	5.0
23	29	5.0
23	30	5.0
23	31	5.0
23	32	5.0
23	33	5.0
23	34	5.0
23	35	5.0
24	12	5.0
24	13	5.0
24	14	5.0
24	15	5.0
24	16	5.0
24	17	5.0
24	18	5.0
24	19	5.0
24	20	5.0
24	21	5.0
24	22	5.0
24	23	5.0
24	24	5.0
24	25	5.0
24	26	5.0
24	27	5.0
24	28	5.0
24	29	5.0
24	30	5.0
24	31	5.0
24	32	5.0
24	33	5.0
24	34	5.0
24	35	5.0
25	12	5.0
25	13	5.0
25	14	5.0
25	15	5.0
25	16	5.0
25	17	5.0
25	18	5.0
25	19	5.0
25	20	5.0
25	21	5.0
25	22	5.0
25	23	5.0
25	24	5.0
25	25	5.0
25	26	5.0
25	27	5.0
25	28	5.0
25	29	5.0
25	30	5.0
25	31	5.0
25	32	5.0
25	33	5.0
25	34	5.0
25	35	5.0
26	12	5.0
26	13	5.0
26	14	5.0
26	15	5.0
26	16	5.0
26	17	5.0
26	18	5.0
26	19	5.0
26	20	5.0
26	21	5.0
26	22	5.0
26	23	5.0
26	24	5.0
26	25	5.0
26	26	5.0
26	27	5.0
26	28	5.0
26	29	5.0
26	30	5.0
26	31	5.0
26	32	5.0
26	33	5.0
26	34	5.0
26	35	5.0
27	12	5.0
27	13	5.0
27	14	5.0
27	15	5.0
27	16	5.0
27	17	5.0
27	18	5.0
27	19	5.0
27	20	5.0
27	21	5.0
27	22	5.0
27	23	5.0
27	24	5.0
27	25	5.0
27	26	5.0
27	27	5.0
27	28	5.0
27	29	5.0
27	30	5.0
27	31	5.0
27	32	5.0
27	33	5.0
27	34	5.0
27	35	5.0
28	12	5.0
28	13	5.0
28	14	5.0
28	15	5.0
28	16	5.0
28	17	5.0
28	18	5.0
28	19	5.0
28	20	5.0
28	21	5.0
28	22	5.0
28	23	5.0
28	24	5.0
28	25	5.0
28	26	5.0
28	27	5.0
28	28	5.0
28	29	5.0
28	30	5.0
28	31	5.0
28	32	5.0
28	33	5.0
28	34	5.0
28	35	5.0
29	12	5.0
29	13	5.0
29	14	5.0
29	15	5.0
29	16	5.0
29	17	5.0
29	18	5.0
29	19	5.0
29	20	5.0
29	21	5.0
29	22	5.0
29	23	5.0
29	24	5.0
29	25	5.0
29	26	5.0
29	27	5.0
29	28	5.0
29	29	5.0
29	30	5.0
29	31	5.0
29	32	5.0
29	33	5.0
29	34	5.0
29	35	5.0
30	12	5.0
30	13	5.0
30	14	5.0
30	15	5.0
30	16	5.0
30	17	5.0
30	18	5.0
30	19	5.0
30	20	5.0
30	21	5.0
30	22	5.0
30	23	5.0
30	24	5.0
30	25	5.0
30	26	5.0
30	27	5.0
30	28	5.0
30	29	5.0
30	30	5.0
30	31	5.0
30	32	5.0
30	33	5.0
30	34	5.0
30	35	5.0
31	12	5.0
31	13	5.0
31	14	5.0
31	15	5.0
31	16	5.0
31	17	5.0
31	18	5.0
31	19	5.0
31	20	5.0
31	21	5.0
31	22	5.0
31	23	5.0
31	24	5.0
31	25	5.0
31	26	5.0
31	27	5.0
31	28	5.0
31	29	5.0
31	30	5.0
31	31	5.0
31	32	5.0
31	33	5.0
31	34	5.0
31	35	5.0
32	12	5.0
32	13	5.0
32	14	5.0
32	15	5.0
32	16	5.0
32	17	5.0
32	18	5.0
32	19	5.0
32	20	5.0
32	21	5.0
32	22	5.0
32	23	5.0
32	24	5.0
32	25	5.0
32	26	5.0
32	27	5.0
32	28	5.0
32	29	5.0
32	30	5.0
32	31	5.0
32	32	5.0
32	33	5.0
32	34	5.0
32	35	5.0
33	12	5.0
33	13	5.0
33	14	5.0
33	15	5.0
33	16	5.0
33	17	5.0
33	18	5.0
33	19	5.0
33	20	5.0
33	21	5.0
33	22	5.0
33	23	5.0
33	24	5.0
33	25	5.0
33	26	5.0
33	27	5.0
33	28	5.0
33	29	5.0
33	30	5.0
33	31	5.0
33	32	5.0
33	33	5.0
33	34	5.0
33	35	5.0
34	12	5.0
34	13	5.0
34	14	5.0
34	15	5.0
34	16	5.0
34	17	5.0
34	18	5.0
34	19	5.0
34	20	5.0
34	21	5.0
34	22	5.0
34	23	5.0
34	24	5.0
34	25	5.0
34	26	5.0
34	27	5.0
34	28	5.0
34	29	5.0
34	30	5.0
34	31	5.0
34	32	5.0
34	33	5.0
34	34	5.0
34	35	5.0
35	12	5.0
35	13	5.0
35	14	5.0
35	15	5.0
35	16	5.0
35	17	5.0
35	18	5.0
35	19	5.0
35	20	5.0
35	21	5.0
35	22	5.0
35	23	5.0
35	24	5.0
35	25	5.0
35	26	5.0
35	27	5.0
35	28	5.0
35	29	5.0
35	30	5.0
35	31	5.0
35	32	5.0
35	33	5.0
35	34	5.0
35	35	5.0
36	12	5.0
36	13	5.0
36	14	5.0
36	15	5.0
36	16	5.0
36	17	5.0
36	18	5.0
36	19	5.0
36	20	5.0
36	21	5.0
36	22	5.0
36	23	5.0
36	24	5.0
36	25	5.0
36	26	5.0
36	27	5.0
36	28	5.0
36	29	5.0
36	30	5.0
36	31	5.0
36	32	5.0
36	33	5.0
36	34	5.0
36	35	5.0
37	12	5.0
37	13	5.0
37	14	5.0
37	15	5.0
37	16	5.0
37	17	5.0
37	18	5.0
37	19	5.0
37	20	5.0
37	21	5.0
37	22	5.0
37	23	5.0
37	24	5.0
37	25	5.0
37	26	5.0
37	27	5.0
37	28	5.0
37	29	5.0
37	30	5.0
37	31	5.0
37	32	5.0
37	33	5.0
37	34	5.0
37	35	5.0
38	12	5.0
38	13	5.0
38	14	5.0
38	15	5.0
38	16	5.0
38	17	5.0
38	18	5.0
38	19	5.0
38	20	5.0
38	21	5.0
38	22	5.0
38	23	5.0
38	24	5.0
38	25	5.0
38	26	5.0
38	27	5.0
38	28	5.0
38	29	5.0
38	30	5.0
38	31	5.0
38	32	5.0
38	33	5.0
38	34	5.0
38	35	5.0
39	12	5.0
39	13	5.0
39	14	5.0
39	15	5.0
39	16	5.0
39	17	5.0
39	18	5.0
39	19	5.0
39	20	5.0
39	21	5.0
39	22	5.0
39	23	5.0
39	24	5.0
39	25	5.0
39	26	5.0
39	27	5.0
39	28	5.0
39	29	5.0
39	30	5.0
39	31	5.0
39	32	5.0
39	33	5.0
39	34	5.0
39	35	5.0
40	12	5.0
40	13	5.0
40	14	5.0
40	15	5.0
40	16	5.0
40	17	5.0
40	18	5.0
40	19	5.0
40	20	5.0
40	21	5.0
40	22	5.0
40	23	5.0
40	24	5.0
40	25	5.0
40	26	5.0
40	27	5.0
40	28	5.0
40	29	5.0
40	30	5.0
40	31	5.0
40	32	5.0
40	33	5.0
40	34	5.0
40	35	5.0
41	12	5.0
41	13	5.0
41	14	5.0
41	15	5.0
41	16	5.0
41	17	5.0
41	18	5.0
41	19	5.0
41	20	5.0
41	21	5.0
41	22	5.0
41	23	5.0
41	24	5.0
41	25	5.0
41	26	5.0
41	27	5.0
41	28	5.0
41	29	5.0
41	30	5.0
41	31	5.0
41	32	5.0
41	33	5.0
41	34	5.0
41	35	5.0
42	12	5.0
42	13	5.0
42	14	5.0
42	15	5.0
42	16	5.0
42	17	5.0
42	18	5.0
42	19	5.0
42	20	5.0
42	21	5.0
42	22	5.0
42	23	5.0
42	24	5.0
42	25	5.0
42	26	5.0
42	27	5.0
42	28	5.0
42	29	5.0
42	30	5.0
42	31	5.0
42	32	5.0
42	33	5.0
42	34	5.0
42	35	5.0
43	36	5.0
43	37	5.0
43	38	5.0
43	39	5.0
43	40	5.0
43	41	5.0
43	42	5.0
43	43	5.0
43	44	5.0
43	45	5.0
43	46	5.0
43	47	5.0
44	36	5.0
44	37	5.0
44	38	5.0
44	39	5.0
44	40	5.0
44	41	5.0
44	42	5.0
44	43	5.0
44	44	5.0
44	45	5.0
44	46	5.0
44	47	5.0
45	36	5.0
45	37	5.0
45	38	5.0
45	39	5.0
45	40	5.0
45	41	5.0
45	42	5.0
45	43	5.0
45	44	5.0
45	45	5.0
45	46	5.0
45	47	5.0
46	36	5.0
46	37	5.0
46	38	5.0
46	39	5.0
46	40	5.0
46	41	5.0
46	42	5.0
46	43	5.0
46	44	5.0
46	45	5.0
46	46	5.0
46	47	5.0
47	36	5.0
47	37	5.0
47	38	5.0
47	39	5.0
47	40	5.0
47	41	5.0
47	42	5.0
47	43	5.0
47	44	5.0
47	45	5.0
47	46	5.0
47	47	5.0
48	36	5.0
48	37	5.0
48	38	5.0
48	39	5.0
48	40	5.0
48	41	5.0
48	42	5.0
48	43	5.0
48	44	5.0
48	45	5.0
48	46	5.0
48	47	5.0
49	36	5.0
49	37	5.0
49	38	5.0
49	39	5.0
49	40	5.0
49	41	5.0
49	42	5.0
49	43	5.0
49	44	5.0
49	45	5.0
49	46	5.0
49	47	5.0
50	36	5.0
50	37	5.0
50	38	5.0
50	39	5.0
50	40	5.0
50	41	5.0
50	42	5.0
50	43	5.0
50	44	5.0
50	45	5.0
50	46	5.0
50	47	5.0
51	36	5.0
51	37	5.0
51	38	5.0
51	39	5.0
51	40	5.0
51	41	5.0
51	42	5.0
51	43	5.0
51	44	5.0
51	45	5.0
51	46	5.0
51	47	5.0
52	36	5.0
52	37	5.0
52	38	5.0
52	39	5.0
52	40	5.0
52	41	5.0
52	42	5.0
52	43	5.0
52	44	5.0
52	45	5.0
52	46	5.0
52	47	5.0
53	36	5.0
53	37	5.0
53	38	5.0
53	39	5.0
53	40	5.0
53	41	5.0
53	42	5.0
53	43	5.0
53	44	5.0
53	45	5.0
53	46	5.0
53	47	5.0
54	36	5.0
54	37	5.0
54	38	5.0
54	39	5.0
54	40	5.0
54	41	5.0
54	42	5.0
54	43	5.0
54	44	5.0
54	45	5.0
54	46	5.0
54	47	5.0
55	36	5.0
55	37	5.0
55	38	5.0
55	39	5.0
55	40	5.0
55	41	5.0
55	42	5.0
55	43	5.0
55	44	5.0
55	45	5.0
55	46	5.0
55	47	5.0
56	36	5.0
56	37	5.0
56	38	5.0
56	39	5.0
56	40	5.0
56	41	5.0
56	42	5.0
56	43	5.0
56	44	5.0
56	45	5.0
56	46	5.0
56	47	5.0
